Cell info:
========================================================================
number-of-unit-cells: 1 1 1
unit-cell-vector-a:    30.800000000000     0.000000000000     0.000000000000
unit-cell-vector-b:     0.000000000000    30.800000000000     0.000000000000
unit-cell-vector-c:     0.000000000000     0.000000000000    30.800000000000

cell-vector-a:    30.800000000000     0.000000000000     0.000000000000
cell-vector-b:     0.000000000000    30.800000000000     0.000000000000
cell-vector-c:     0.000000000000     0.000000000000    30.800000000000

cell-lengths:    30.800000000000    30.800000000000    30.800000000000
cell-angles:    90.000000000000    90.000000000000    90.000000000000


Maximum changes for MC-moves:
========================================================================
Maximum-volume-change: 0.000500
Maximum-Gibbs-volume-change: 0.000500
Maximum-box-shape-change: 0.100000 0.100000 0.100000, 0.100000 0.100000 0.100000, 0.100000 0.100000 0.100000


Acceptance targets for MC-moves:
========================================================================
Target-volume-change: 0.500000
Target-box-shape-change: 0.500000
Target-Gibbs-volume-change: 0.500000


Components: 1 (Adsorbates 45, Cations 0)
========================================================================
Component 0 (Tip4p)
	Fractional-molecule-id component 0: 44
	Lambda-factors component 0:  1.000000 1.000000 1.000000 1.000000
	Number-of-biasing-factors component 0: 21
	Biasing-factors component 0:  8.577690 8.646252 8.935351 9.466141 10.249867 11.332053 12.753735 14.438534 15.981600 16.982206 17.579963 17.961629 18.179485 18.217540 18.041177 17.571130 16.666297 15.051326 12.205798 7.440839 0.000000
	Maximum-CF-Lambda-change component 0: 0.225385
	Maximum-CBCF-Lambda-change component 0: 0.500000

	Maximum-translation-change component 0: 0.319054,0.323662,0.274529
	Maximum-translation-in-plane-change component 0: 0.000000,0.000000,0.000000
	Maximum-rotation-change component 0: 0.411789 0.405370 0.419187

Reactions: 0

Component: 0     Adsorbate    45 molecules of Tip4p
------------------------------------------------------------------------
Adsorbate-atom-position: 0 0    13.730193015448    14.095723027061    -1.464576075098
Adsorbate-atom-position: 0 1    14.669767667058    13.917240888087    -1.424884262300
Adsorbate-atom-position: 0 2    13.437260490145    14.043019714173    -0.554826254371
Adsorbate-atom-position: 0 3    13.812971009271    14.066128499999    -1.343036091114
Adsorbate-atom-position: 1 0    16.956520446487    16.272572775721     3.709428340998
Adsorbate-atom-position: 1 1    16.054938771646    16.373456007078     4.014723111842
Adsorbate-atom-position: 1 2    16.904205241815    16.396100437954     2.761675274052
Adsorbate-atom-position: 1 3    16.834410137265    16.301300077589     3.627185927919
Adsorbate-atom-position: 2 0    16.719695650131    13.526399320669    12.275675497384
Adsorbate-atom-position: 2 1    16.962194456063    12.722015475894    12.734361445793
Adsorbate-atom-position: 2 2    16.934644506297    14.227557233458    12.890822967872
Adsorbate-atom-position: 2 3    16.778254469927    13.513185155967    12.413139130666
Adsorbate-atom-position: 3 0    13.839085971741    14.407817028817    18.237388262665
Adsorbate-atom-position: 3 1    13.927705871987    15.358557430217    18.304254115743
Adsorbate-atom-position: 3 2    13.506877546180    14.136971380422    19.093257432933
Adsorbate-atom-position: 3 3    13.807903701636    14.494851760045    18.355509478334
Adsorbate-atom-position: 4 0    14.177051258293    14.549841761383    15.383589977089
Adsorbate-atom-position: 4 1    13.782356254343    14.322390183750    16.225441195282
Adsorbate-atom-position: 4 2    14.224765376857    15.505820089820    15.391377038800
Adsorbate-atom-position: 4 3    14.132633518683    14.643101975068    15.492353927695
Adsorbate-atom-position: 5 0    16.404080192695    13.319616959494     4.192880024740
Adsorbate-atom-position: 5 1    16.169804544267    13.233513772765     5.116964978449
Adsorbate-atom-position: 5 2    17.021299869676    14.050846681256     4.168904949285
Adsorbate-atom-position: 5 3    16.453101648521    13.402200939348     4.308104948868
Adsorbate-atom-position: 6 0    16.843632524718    16.723222876634     6.524966418785
Adsorbate-atom-position: 6 1    16.051699216812    17.229551258000     6.705811783488
Adsorbate-atom-position: 6 2    16.953043861345    16.779703510231     5.575718855013
Adsorbate-atom-position: 6 3    16.756261477853    16.795269220768     6.426601666629
Adsorbate-atom-position: 7 0    16.450827831576    13.648757756731     9.734353466699
Adsorbate-atom-position: 7 1    16.877140538346    14.502611322934     9.660709706542
Adsorbate-atom-position: 7 2    16.733223276307    13.312072216995    10.584722504241
Adsorbate-atom-position: 7 3    16.541551025442    13.714961503685     9.833783673296
Adsorbate-atom-position: 8 0    14.324556847788    17.062174778345    12.431609595539
Adsorbate-atom-position: 8 1    14.211281477503    16.111870868541    12.449582057254
Adsorbate-atom-position: 8 2    14.215813217942    17.299448761601    11.510681954668
Adsorbate-atom-position: 8 3    14.296135737140    16.970898345132    12.316020438567
Adsorbate-atom-position: 9 0    14.607869013384    17.486493117899    15.124620299276
Adsorbate-atom-position: 9 1    15.557647825285    17.412834984769    15.218036185344
Adsorbate-atom-position: 9 2    14.472032246443    17.676326533388    14.196318900487
Adsorbate-atom-position: 9 3    14.712063415246    17.501364955681    15.017744880860
Adsorbate-atom-position: 10 0    14.275652913636    16.970839702260     9.709117310156
Adsorbate-atom-position: 10 1    13.745656802855    17.283200882463     8.975791696569
Adsorbate-atom-position: 10 2    13.903083243108    16.116673291227     9.927802981265
Adsorbate-atom-position: 10 3    14.160113604287    16.901482095903     9.643237188453
Adsorbate-atom-position: 11 0    17.085187335067    16.342016294627    17.998214502845
Adsorbate-atom-position: 11 1    16.828970491905    15.422392902280    17.928374790571
Adsorbate-atom-position: 11 2    17.391387697075    16.573099256273    17.121245949802
Adsorbate-atom-position: 11 3    17.091585828524    16.253874812345    17.877011621763
Adsorbate-atom-position: 12 0    17.003461544122    16.948261955958    12.543867713593
Adsorbate-atom-position: 12 1    16.051627353324    16.902101138789    12.633938197484
Adsorbate-atom-position: 12 2    17.173120164086    16.670126211051    11.643818659397
Adsorbate-atom-position: 12 3    16.903333634206    16.906748083416    12.440180684305
Adsorbate-atom-position: 13 0    16.256886059282    14.019972433641     6.716818821700
Adsorbate-atom-position: 13 1    16.520018700691    13.628182225048     7.549581384114
Adsorbate-atom-position: 13 2    16.407474845397    14.957880457697     6.834646644351
Adsorbate-atom-position: 13 3    16.309847393502    14.089882102862     6.838505859741
Adsorbate-atom-position: 14 0    14.603286160878    17.573452817367    23.502714565304
Adsorbate-atom-position: 14 1    15.545806276793    17.614536041745    23.664578210552
Adsorbate-atom-position: 14 2    14.520887562799    17.624275837130    22.550422944224
Adsorbate-atom-position: 14 3    14.713392092418    17.585217925454    23.401530247985
Adsorbate-atom-position: 15 0    17.169663123816    16.743861246753    23.431211263679
Adsorbate-atom-position: 15 1    16.975547279380    15.808535220431    23.370251413721
Adsorbate-atom-position: 15 2    17.586726541834    16.957306162739    22.596506996843
Adsorbate-atom-position: 15 3    17.198203103069    16.651451755226    23.316555450655
Adsorbate-atom-position: 16 0    14.895008812214    17.618812209683    20.739453827169
Adsorbate-atom-position: 16 1    15.778151853303    17.261819699841    20.833509963468
Adsorbate-atom-position: 16 2    14.596732639564    17.299970787239    19.887630305514
Adsorbate-atom-position: 16 3    14.969878827719    17.532297312500    20.642450459476
Adsorbate-atom-position: 17 0    16.775474358613    13.794917716494    -1.200012445738
Adsorbate-atom-position: 17 1    16.786825268416    13.488271143416    -0.293331202991
Adsorbate-atom-position: 17 2    17.067971529464    14.704918717749    -1.149263823682
Adsorbate-atom-position: 17 3    16.814370578825    13.872154362695    -1.077449871774
Adsorbate-atom-position: 18 0    12.957477532418    15.481763944435    23.733910727655
Adsorbate-atom-position: 18 1    13.588594968245    16.201431894052    23.733095638451
Adsorbate-atom-position: 18 2    12.102603477597    15.912265172449    23.743443982917
Adsorbate-atom-position: 18 3    12.928833985591    15.628999475817    23.735026758094
Adsorbate-atom-position: 19 0    13.815267484403    14.176296276852     9.887809360247
Adsorbate-atom-position: 19 1    14.717673820077    14.040358683207     9.598991743315
Adsorbate-atom-position: 19 2    13.863199898820    14.153767973584    10.843543004670
Adsorbate-atom-position: 19 3    13.936922310131    14.156010730176     9.973182658022
Adsorbate-atom-position: 20 0    16.283265089518    13.980296583076    20.935414533731
Adsorbate-atom-position: 20 1    15.403662258356    14.120477233040    21.285957091306
Adsorbate-atom-position: 20 2    16.810081618821    13.740693849421    21.697836145676
Adsorbate-atom-position: 20 3    16.238104186558    13.967569356849    21.077887375201
Adsorbate-atom-position: 21 0    16.862314966109    13.512031354698    15.486369085976
Adsorbate-atom-position: 21 1    16.831322432580    13.340122395993    16.427495332908
Adsorbate-atom-position: 21 2    15.981830447440    13.818355580854    15.269241656258
Adsorbate-atom-position: 21 3    16.745634906573    13.529238130635    15.579049669533
Adsorbate-atom-position: 22 0    13.694919226665    14.185651248665    21.364294210626
Adsorbate-atom-position: 22 1    13.317955508927    14.956856610613    21.787818100263
Adsorbate-atom-position: 22 2    13.677218980443    13.508001837156    22.040097300473
Adsorbate-atom-position: 22 3    13.644397477708    14.197627539062    21.505021327240
Adsorbate-atom-position: 23 0    14.615056293771    13.308798417792    24.041252586070
Adsorbate-atom-position: 23 1    14.455033039968    12.920446589462    24.901373075047
Adsorbate-atom-position: 23 2    13.914438339507    13.952173682436    23.934319939563
Adsorbate-atom-position: 23 3    14.504883835612    13.341444494465    24.137669717022
Adsorbate-atom-position: 24 0    17.127964510740    13.944126584324    23.668294502594
Adsorbate-atom-position: 24 1    16.238439979362    13.671665366444    23.893556200870
Adsorbate-atom-position: 24 2    17.666108331876    13.631640100261    24.395608234716
Adsorbate-atom-position: 24 3    17.082983540466    13.869246221156    23.790235650386
Adsorbate-atom-position: 25 0    14.031944454199    17.028292857003     1.368490871106
Adsorbate-atom-position: 25 1    13.685977914115    17.348417235417     0.535388611255
Adsorbate-atom-position: 25 2    13.738270110034    16.118527611981     1.416599273811
Adsorbate-atom-position: 25 3    13.950062703829    16.952811712135     1.268002186541
Adsorbate-atom-position: 26 0    14.060667836604    17.014721203608     4.273788016490
Adsorbate-atom-position: 26 1    13.726423578069    16.119568937772     4.217086724727
Adsorbate-atom-position: 26 2    13.872928848032    17.395777622200     3.416010703953
Adsorbate-atom-position: 26 3    13.993847683313    16.948910732660     4.156723722071
Adsorbate-atom-position: 27 0    13.445349222753    14.384228606396     1.180152078824
Adsorbate-atom-position: 27 1    13.114077357114    14.345603287787     2.077369374512
Adsorbate-atom-position: 27 2    14.320300470384    13.999329912438     1.230601553954
Adsorbate-atom-position: 27 3    13.514946743071    14.330012423024     1.301464858968
Adsorbate-atom-position: 28 0    13.494805734966    14.236196633175    26.750087167279
Adsorbate-atom-position: 28 1    13.340906435939    14.357865092860    27.686966898919
Adsorbate-atom-position: 28 2    13.801362814904    15.089895357623    26.444386194927
Adsorbate-atom-position: 28 3    13.514347772719    14.361055400425    26.830885663559
Adsorbate-atom-position: 29 0    16.864870658584    16.383995950483     9.528323720144
Adsorbate-atom-position: 29 1    16.023999951406    16.839128989052     9.483354720874
Adsorbate-atom-position: 29 2    17.391946674984    16.784764093330     8.837087430229
Adsorbate-atom-position: 29 3    16.824701152271    16.493561628043     9.434080560905
Adsorbate-atom-position: 30 0    16.692218422513    16.419644148595    -1.944395870867
Adsorbate-atom-position: 30 1    17.108489934215    16.731761768644    -2.747846217610
Adsorbate-atom-position: 30 2    15.835597085939    16.846689735866    -1.936408881429
Adsorbate-atom-position: 30 3    16.635848332165    16.514265957042    -2.046224777766
Adsorbate-atom-position: 31 0    14.089876535071    14.263833674207    12.467248486317
Adsorbate-atom-position: 31 1    14.000257652642    14.419554950893    13.407435265517
Adsorbate-atom-position: 31 2    14.926657043839    13.807645779365    12.378238236186
Adsorbate-atom-position: 31 3    14.185522237652    14.225370321992    12.576209351375
Adsorbate-atom-position: 32 0    13.685418645042    14.202221304498     3.962809713647
Adsorbate-atom-position: 32 1    14.414786890907    13.583772954503     3.920673740967
Adsorbate-atom-position: 32 2    13.365243761930    14.134774126457     4.862348908058
Adsorbate-atom-position: 32 3    13.737800332340    14.114418401667     4.072567670490
Adsorbate-atom-position: 33 0    14.010407228891    16.995630740350    -1.527188091108
Adsorbate-atom-position: 33 1    14.025050692387    17.193070232418    -2.463689589148
Adsorbate-atom-position: 33 2    13.798793748215    16.063219930384    -1.481782627364
Adsorbate-atom-position: 33 3    13.985192690273    16.901545544323    -1.641259134459
Adsorbate-atom-position: 34 0    14.442840462523    17.149271808144    18.162788280817
Adsorbate-atom-position: 34 1    14.229868425168    17.451642966186    17.279925644859
Adsorbate-atom-position: 34 2    15.394643920425    17.047857489965    18.158646605251
Adsorbate-atom-position: 34 3    14.537419798260    17.174996708165    18.049241027347
Adsorbate-atom-position: 35 0    16.341909780799    13.909932058395    -3.839693328792
Adsorbate-atom-position: 35 1    16.518841563793    13.601741467024    -2.950904521798
Adsorbate-atom-position: 35 2    15.386955869622    13.941604812065    -3.897066703149
Adsorbate-atom-position: 35 3    16.242313561653    13.874534439017    -3.733262122493
Adsorbate-atom-position: 36 0    13.601875177539    14.096923395600     7.026892605709
Adsorbate-atom-position: 36 1    14.533693677012    13.887165160746     6.964062622155
Adsorbate-atom-position: 36 2    13.382500033560    13.942314180204     7.945697468888
Adsorbate-atom-position: 36 3    13.693076522581    14.050279965921     7.136467717529
Adsorbate-atom-position: 37 0    13.629394292200    16.721555528696     6.935764032022
Adsorbate-atom-position: 37 1    13.781193919347    15.776499842060     6.943410092204
Adsorbate-atom-position: 37 2    13.595913886096    16.951736687231     6.007255800209
Adsorbate-atom-position: 37 3    13.644540580000    16.630042964229     6.817882563968
Adsorbate-atom-position: 38 0    16.525170858634    13.645441943430    18.274665720753
Adsorbate-atom-position: 38 1    15.625691768829    13.914664399732    18.088417295500
Adsorbate-atom-position: 38 2    16.563143061007    13.579130444489    19.228810750000
Adsorbate-atom-position: 38 3    16.414887583071    13.671416994067    18.372965750639
Adsorbate-atom-position: 39 0    17.530777734591    16.376889075993    20.832243289082
Adsorbate-atom-position: 39 1    17.636163556984    16.416646880547    19.881693455934
Adsorbate-atom-position: 39 2    16.917462416280    15.656141313179    20.975766188318
Adsorbate-atom-position: 39 3    17.465756631009    16.289714145279    20.728934104864
Adsorbate-atom-position: 40 0    17.336336883836    16.408559632485    15.266862059880
Adsorbate-atom-position: 40 1    17.632335983877    16.670515566314    14.395084874247
Adsorbate-atom-position: 40 2    17.670619702558    15.518337507661    15.376367335843
Adsorbate-atom-position: 40 3    17.417020573709    16.328133980086    15.169282058728
Adsorbate-atom-position: 41 0    16.530905231560    16.269292221712     0.946120392986
Adsorbate-atom-position: 41 1    16.741905905934    16.452882601085     0.030694192849
Adsorbate-atom-position: 41 2    15.646578890986    16.616523518483     1.062864514003
Adsorbate-atom-position: 41 3    16.444711422697    16.337243800554     0.843879450861
Adsorbate-atom-position: 42 0    16.210596080634    13.614122555305     1.423635204280
Adsorbate-atom-position: 42 1    16.421736658370    14.544626557487     1.347386937150
Adsorbate-atom-position: 42 2    16.414696857185    13.395445190611     2.332895850665
Adsorbate-atom-position: 42 3    16.263751983817    13.705244953002     1.530270839013
Adsorbate-atom-position: 43 0    17.249227777929    16.657369767724    26.235050012152
Adsorbate-atom-position: 43 1    17.103245404165    15.725467080377    26.397771761617
Adsorbate-atom-position: 43 2    17.561092479658    16.697151730075    25.330953975678
Adsorbate-atom-position: 43 3    17.270462717258    16.543167551601    26.140145158828
Adsorbate-atom-position: 44 0    14.345134374160    16.953176435610    26.515268145147
Adsorbate-atom-position: 44 1    14.219478008696    17.312032687278    25.636823776767
Adsorbate-atom-position: 44 2    15.271051635688    17.103576637145    26.705764454995
Adsorbate-atom-position: 44 3    14.447577423902    17.018367405735    26.427202493649
Adsorbate-atom-velocity: 0 0     3.587613277696    -2.286068158142    -1.728691497930
Adsorbate-atom-velocity: 0 1     2.777934691134    -6.178567606557    -0.065581558469
Adsorbate-atom-velocity: 0 2    -0.294006431779   -12.169770348944    -3.551122758745
Adsorbate-atom-velocity: 0 3     2.987070495885    -4.049588176083    -1.749086549255
Adsorbate-atom-velocity: 1 0     4.188389490428    -8.249964413237     0.043222068492
Adsorbate-atom-velocity: 1 1     3.258255750877     0.195955826810    -5.494518573627
Adsorbate-atom-velocity: 1 2    11.437493090056    -5.993369807444    -0.062803947932
Adsorbate-atom-velocity: 1 3     4.997293870086    -6.879913388488    -0.679248155129
Adsorbate-atom-velocity: 2 0     4.232013249461     2.806189180600     4.544247139913
Adsorbate-atom-velocity: 2 1     0.553710682773     8.855549160020    17.097479779631
Adsorbate-atom-velocity: 2 2    -4.644076889221    10.674756471009    -1.322968395539
Adsorbate-atom-velocity: 2 3     2.624899516021     4.587851789162     5.400137995206
Adsorbate-atom-velocity: 3 0     5.519595597593    -0.893721401810    -3.830098126634
Adsorbate-atom-velocity: 3 1    -5.722767551123    -1.313250690891    17.034969486438
Adsorbate-atom-velocity: 3 2    18.922683100716   -24.807536514800    -6.195335984405
Adsorbate-atom-velocity: 3 3     5.796194383822    -4.008683063983    -1.461896719861
Adsorbate-atom-velocity: 4 0     0.806918346810     0.391200849026    -2.110909234283
Adsorbate-atom-velocity: 4 1    -6.233424394878    -4.222123108324    -6.658144940239
Adsorbate-atom-velocity: 4 2    -9.194896097049     0.881257111945    -0.987944823314
Adsorbate-atom-velocity: 4 3    -1.374683384400    -0.136627162562    -2.549257273439
Adsorbate-atom-velocity: 5 0     1.235660979355   -10.413040180356    -1.270968708352
Adsorbate-atom-velocity: 5 1   -13.172264796636     5.113853033339    -3.476946805705
Adsorbate-atom-velocity: 5 2   -25.349375852583    11.784618395500    -8.662817884084
Adsorbate-atom-velocity: 5 3    -4.011932809343    -5.583842409371    -2.499606395873
Adsorbate-atom-velocity: 6 0     0.416015187077    -4.769177823498    -1.609390002930
Adsorbate-atom-velocity: 6 1     2.087567166783     3.309768719460   -16.908882152825
Adsorbate-atom-velocity: 6 2    12.935160573844   -15.422712004273    -0.800309106717
Adsorbate-atom-velocity: 6 3     2.232595658945    -5.098756103211    -3.464337468371
Adsorbate-atom-velocity: 7 0    -5.054488085185     2.503316336566    -3.118015888018
Adsorbate-atom-velocity: 7 1   -18.883716678563    10.144311466635     5.419232422181
Adsorbate-atom-velocity: 7 2   -26.889608734025    13.490035580605     8.483074543857
Adsorbate-atom-velocity: 7 3    -9.619955074029     4.887888517458    -0.540065562535
Adsorbate-atom-velocity: 8 0    -5.286658094060    -1.715806029729    -0.703168630133
Adsorbate-atom-velocity: 8 1   -14.527080885395    -0.578173683425     1.209989059860
Adsorbate-atom-velocity: 8 2    -3.063081790303    -2.502237635585    -1.168351234257
Adsorbate-atom-velocity: 8 3    -6.184899101831    -1.670848097760    -0.517810349506
Adsorbate-atom-velocity: 9 0    -1.510684069827    -0.013992393839    -1.915885124643
Adsorbate-atom-velocity: 9 1    -3.231377503108   -16.322614098292     2.719467107911
Adsorbate-atom-velocity: 9 2     5.982751355005    -2.772975883569    -3.576586382378
Adsorbate-atom-velocity: 9 3    -0.771703447510    -2.454875906928    -1.535093911080
Adsorbate-atom-velocity: 10 0     1.244556292410     2.569655306501     2.659116763820
Adsorbate-atom-velocity: 10 1     4.298710503252     4.571468064557     1.304464424649
Adsorbate-atom-velocity: 10 2     5.693470607281    -1.764363949951    -6.689658227974
Adsorbate-atom-velocity: 10 3     2.205039587270     2.271104736931     1.288948929966
Adsorbate-atom-velocity: 11 0    -2.221705883250     0.569864599705     0.725011547090
Adsorbate-atom-velocity: 11 1    -4.470647261139     1.042071144109     2.757730059599
Adsorbate-atom-velocity: 11 2   -16.024705476530     2.180704507695    -3.669953132327
Adsorbate-atom-velocity: 11 3    -4.276547992187     0.836519677302     0.422615537526
Adsorbate-atom-velocity: 12 0     0.344905027881    -0.981003098634    -1.826652388119
Adsorbate-atom-velocity: 12 1     1.427642578708    -3.974925817314     8.080973981268
Adsorbate-atom-velocity: 12 2    -8.963184164600     9.841206239023    -6.925530944996
Adsorbate-atom-velocity: 12 3    -0.708039220073     0.021112035878    -1.211074651187
Adsorbate-atom-velocity: 13 0     0.028588211721     1.696462898955    -1.181341522625
Adsorbate-atom-velocity: 13 1   -10.752941398093    -0.539761230546     1.173281193379
Adsorbate-atom-velocity: 13 2   -28.311406790377     4.440072279299    13.199236468753
Adsorbate-atom-velocity: 13 3    -4.979438934826     1.761414332602     0.960966075989
Adsorbate-atom-velocity: 14 0     4.205209003221    -6.863017143814     3.412964639813
Adsorbate-atom-velocity: 14 1     4.425654278413    18.154387032406    -4.220434037099
Adsorbate-atom-velocity: 14 2    -5.784540322383     8.283488644723     5.085700666633
Adsorbate-atom-velocity: 14 3     2.954620219356    -1.721552095856     2.649927905964
Adsorbate-atom-velocity: 15 0    -1.412023838970    -2.506600301800     2.357633181118
Adsorbate-atom-velocity: 15 1     3.041952383807    -3.585901544048     4.734791042100
Adsorbate-atom-velocity: 15 2    -5.164239508702    -1.995883362633     0.613420271190
Adsorbate-atom-velocity: 15 3    -1.322190021529    -2.579385952491     2.438657771253
Adsorbate-atom-velocity: 16 0    -2.434840180829    -2.425943413815     1.653251761253
Adsorbate-atom-velocity: 16 1    -7.478429501335   -11.676921931954    13.897862438957
Adsorbate-atom-velocity: 16 2     5.204219577294    -1.103853446143    -1.516520479768
Adsorbate-atom-velocity: 16 3    -2.102588650793    -3.440936809308     2.814940567921
Adsorbate-atom-velocity: 17 0    -1.521775072419     0.165333217027    -0.265139532051
Adsorbate-atom-velocity: 17 1    21.296788118113   -11.167869422155    -4.383785675632
Adsorbate-atom-velocity: 17 2    47.197646103031   -15.403329554019    -1.896595640661
Adsorbate-atom-velocity: 17 3     7.635950023116    -3.278430123069    -1.001221994584
Adsorbate-atom-velocity: 18 0    -0.076527690761    -1.682415407137    -1.847848671270
Adsorbate-atom-velocity: 18 1     1.364298579625    -2.965976649417   -19.523590333898
Adsorbate-atom-velocity: 18 2     0.680815912480     0.340372280272   -25.279423752486
Adsorbate-atom-velocity: 18 3     0.204864573704    -1.587785503488    -7.110081169034
Adsorbate-atom-velocity: 19 0    -5.602402253114    -2.167455939658    -2.671189676333
Adsorbate-atom-velocity: 19 1    -2.506829157838     9.823179619599     1.357257902063
Adsorbate-atom-velocity: 19 2    -9.949295614834    -3.969656093302    -2.495663175397
Adsorbate-atom-velocity: 19 3    -5.762586344239    -0.863213285561    -2.133030273765
Adsorbate-atom-velocity: 20 0     5.829556995212    -3.557987712239    -2.746401923561
Adsorbate-atom-velocity: 20 1     8.709296602505     4.264549692994     1.351413599021
Adsorbate-atom-velocity: 20 2     4.581262203282   -20.204751702578    -7.115359697824
Adsorbate-atom-velocity: 20 3     6.038401614752    -4.687595178305    -2.781111403073
Adsorbate-atom-velocity: 21 0     1.423257314690    -7.352647687091    -4.638127408048
Adsorbate-atom-velocity: 21 1     6.642696464603    13.750662817478    -0.611450020936
Adsorbate-atom-velocity: 21 2    10.194305481075    20.982892556256    -0.230161468449
Adsorbate-atom-velocity: 21 3     3.214208484628    -1.023878317907    -3.558391299330
Adsorbate-atom-velocity: 22 0    -1.932717080103     4.392029062196    -4.213620181559
Adsorbate-atom-velocity: 22 1    -5.454277795861     2.006594615091    -3.004339597726
Adsorbate-atom-velocity: 22 2    -5.464211569929     1.224397085346    -7.482401132963
Adsorbate-atom-velocity: 22 3    -2.835593240632     3.681169562890    -4.477261076218
Adsorbate-atom-velocity: 23 0    -2.373532411335     4.595519007251    -1.306675600844
Adsorbate-atom-velocity: 23 1     0.179137552478     0.146875990436    -2.840358512222
Adsorbate-atom-velocity: 23 2     0.466886929280     8.971874009346     6.413976575488
Adsorbate-atom-velocity: 23 3    -1.683151913431     4.586265269221    -0.514668889932
Adsorbate-atom-velocity: 24 0    -2.815003850374     0.742501910834     0.322856647522
Adsorbate-atom-velocity: 24 1    -1.502695072947    10.021608280960    16.728341916425
Adsorbate-atom-velocity: 24 2     6.668315059533    -0.838241211317    -7.373066155072
Adsorbate-atom-velocity: 24 3    -1.433033258520     1.727985286349     1.437785722974
Adsorbate-atom-velocity: 25 0     2.688303290002     1.575450014458    -4.693189201150
Adsorbate-atom-velocity: 25 1    12.225248076990   -19.922449802876   -16.914336709440
Adsorbate-atom-velocity: 25 2    -3.371295741900     4.755514140031    18.453766095299
Adsorbate-atom-velocity: 25 3     3.133445500388    -0.769453956446    -3.294553985784
Adsorbate-atom-velocity: 26 0     1.492901445700     2.937928907495     1.027167074107
Adsorbate-atom-velocity: 26 1    -6.134230507768     5.643797867150     3.269802652465
Adsorbate-atom-velocity: 26 2   -21.626586539520    11.608583301463     9.939081261072
Adsorbate-atom-velocity: 26 3    -2.443036860514     4.394261153067     2.455084022294
Adsorbate-atom-velocity: 27 0     9.773559465581    -3.018138367365     5.775086543217
Adsorbate-atom-velocity: 27 1     3.386565474664    -0.269993205726     3.535179396529
Adsorbate-atom-velocity: 27 2     6.524133229426    -9.611776408504    11.824839650769
Adsorbate-atom-velocity: 27 3     8.539981414331    -3.510407851324     6.262792791515
Adsorbate-atom-velocity: 28 0     0.613415555874    -2.884937444715    -4.930044850070
Adsorbate-atom-velocity: 28 1     9.878999100947   -11.694494414630    -2.263948065870
Adsorbate-atom-velocity: 28 2    14.965633248681    -4.995919985216     3.567248516056
Adsorbate-atom-velocity: 28 3     3.636779060093    -4.282898256969    -3.500996225945
Adsorbate-atom-velocity: 29 0    -2.249467760216    -2.294913513486     3.239290181827
Adsorbate-atom-velocity: 29 1    -4.205544446291    -5.788861656392     4.453378827706
Adsorbate-atom-velocity: 29 2    -5.225112237625    -0.741937481610     1.870716900887
Adsorbate-atom-velocity: 29 3    -2.880787569731    -2.543381361280     3.219514284702
Adsorbate-atom-velocity: 30 0    -4.720893155427    -5.573935853190    -9.081320813644
Adsorbate-atom-velocity: 30 1    10.137778441933    42.697142429486    17.368970538683
Adsorbate-atom-velocity: 30 2     2.392001247391     8.335528561491    10.085063699043
Adsorbate-atom-velocity: 30 3    -1.908267623253     2.385923812416    -3.241835943526
Adsorbate-atom-velocity: 31 0     4.888197270225    -4.129294647340     1.573260821740
Adsorbate-atom-velocity: 31 1    11.264791830556    -5.533430641144     2.413643972489
Adsorbate-atom-velocity: 31 2    -2.824677312048   -17.335518676435    -3.251616961861
Adsorbate-atom-velocity: 31 3     4.717137305368    -5.999597002408     1.063197436314
Adsorbate-atom-velocity: 32 0     0.639246319443    -6.347318196243     4.180418254494
Adsorbate-atom-velocity: 32 1     6.672796568627     1.444004039059    -5.736296432346
Adsorbate-atom-velocity: 32 2    -1.630535230507   -27.259596270436     1.804533803605
Adsorbate-atom-velocity: 32 3     1.121054122336    -8.026958846286     2.606817256219
Adsorbate-atom-velocity: 33 0     1.735551896856    -3.547481925497    -3.201484749439
Adsorbate-atom-velocity: 33 1   -16.092312541417     5.263271392940    -1.622705664840
Adsorbate-atom-velocity: 33 2     4.305484567902    -4.364449738607    -8.000845988027
Adsorbate-atom-velocity: 33 3    -0.217647454356    -2.524180936809    -3.613758121064
Adsorbate-atom-velocity: 34 0    -7.124425571974    -1.769473642795    -4.277974717190
Adsorbate-atom-velocity: 34 1    -8.924934790614   -15.144328331842    -8.424386667708
Adsorbate-atom-velocity: 34 2    -7.408119414842    -4.382535668146    -5.489773392947
Adsorbate-atom-velocity: 34 3    -7.391228709492    -3.816119874421    -4.963890323483
Adsorbate-atom-velocity: 35 0    -2.374455037126    -4.128514975238    -2.689268206222
Adsorbate-atom-velocity: 35 1    -1.873368426744   -11.469648684095    -5.334583345179
Adsorbate-atom-velocity: 35 2    -2.622296299360   -20.917378793718    -7.832290883807
Adsorbate-atom-velocity: 35 3    -2.342036577190    -7.217445784090    -3.686269412045
Adsorbate-atom-velocity: 36 0    -8.429634719118     0.516244483415    -1.174756723473
Adsorbate-atom-velocity: 36 1    -6.917390770036     9.559101827822    -8.936606711871
Adsorbate-atom-velocity: 36 2    -2.264853162957   -14.050518336497    -2.154024427663
Adsorbate-atom-velocity: 36 3    -7.446882832110    -0.190882062667    -2.293725248598
Adsorbate-atom-velocity: 37 0     1.652660668024     0.547302937756    -4.785948333983
Adsorbate-atom-velocity: 37 1    16.295096832554     2.988168276474     6.204982468140
Adsorbate-atom-velocity: 37 2     0.350022237385   -10.406238312422    -7.454407122466
Adsorbate-atom-velocity: 37 3     3.360315720926    -0.542422283264    -3.720571506670
Adsorbate-atom-velocity: 38 0     0.858240348392     4.608849714530    -2.348917979790
Adsorbate-atom-velocity: 38 1     6.655523430991    13.087212332547   -18.091168133358
Adsorbate-atom-velocity: 38 2   -11.931184603344    20.035207565294    -0.767829677133
Adsorbate-atom-velocity: 38 3    -0.036838170161     7.668942341948    -4.161717549325
Adsorbate-atom-velocity: 39 0     2.935713559046    -3.007060556824    -5.840126669622
Adsorbate-atom-velocity: 39 1    -9.052741479251    -1.695548054830    -7.114410556137
Adsorbate-atom-velocity: 39 2     0.083826299795     0.691555497330     0.546750332101
Adsorbate-atom-velocity: 39 3     1.035970698117    -2.365703655073    -5.185653068089
Adsorbate-atom-velocity: 40 0     3.437130647130    -3.147923637354    -3.606095693206
Adsorbate-atom-velocity: 40 1     8.263285289821     4.928525674467     0.459405573417
Adsorbate-atom-velocity: 40 2     3.298261906439    -3.959921769388    -9.783307361155
Adsorbate-atom-velocity: 40 3     4.037159794095    -2.217986241661    -3.876420102093
Adsorbate-atom-velocity: 41 0     2.358317582577    -1.634503929486    -4.134537063341
Adsorbate-atom-velocity: 41 1   -21.146969595220   -32.537662735645   -15.750060076919
Adsorbate-atom-velocity: 41 2     4.398803531669     0.092406862062     6.185622858210
Adsorbate-atom-velocity: 41 3    -0.389435944796    -5.369415683080    -4.300359167512
Adsorbate-atom-velocity: 42 0    -0.334448822678     0.011811081561    -7.360773565968
Adsorbate-atom-velocity: 42 1    -5.663987294578     1.728804966513    -1.165382281361
Adsorbate-atom-velocity: 42 2   -10.817090489894    -1.936594159138    -5.476337911575
Adsorbate-atom-velocity: 42 3    -2.358598652429    -0.017812363923    -6.326458235691
Adsorbate-atom-velocity: 43 0     4.723835700194    -0.962952582843    -5.712625969252
Adsorbate-atom-velocity: 43 1    -8.782839580461     0.464797599732    -9.653170421612
Adsorbate-atom-velocity: 43 2     6.968641922998    -1.822139173121    -4.976093933205
Adsorbate-atom-velocity: 43 3     3.282180587770    -0.890169583382    -6.122778214543
Adsorbate-atom-velocity: 44 0    -4.803283923395     2.555715730066    -1.695763116919
Adsorbate-atom-velocity: 44 1     2.679748889965    15.972822342829     2.714899664671
Adsorbate-atom-velocity: 44 2    -9.105962950463    10.198958551200    13.183157758517
Adsorbate-atom-velocity: 44 3    -4.396160268186     5.251694548044     0.773536317555
Adsorbate-atom-force:    0 0  1041.524582202728 -2793.836964185533  3480.516878587171
Adsorbate-atom-force:    0 1  7076.511058198119 -3335.020188497351  3622.024823507144
Adsorbate-atom-force:    0 2 -1187.200951054027 -1828.085274376120 10574.763894242451
Adsorbate-atom-force:    0 3 -4665.398273581261 10908.358639335413 -14162.109923311316
Adsorbate-atom-force:    1 0  2099.752552673174   490.033659161062   623.388969502435
Adsorbate-atom-force:    1 1 -7796.596814910653  2020.825524254011 -3882.822262922542
Adsorbate-atom-force:    1 2 -1318.004570409954  2247.589123849858 -8167.965450366682
Adsorbate-atom-force:    1 3  4905.682296585553 -4325.865568346932 11459.230142548431
Adsorbate-atom-force:    2 0  4876.013933619157  -343.191852847131 12087.733804237847
Adsorbate-atom-force:    2 1  3070.323903598937 -2156.000773090209  5830.690412559993
Adsorbate-atom-force:    2 2  3961.456106473485  2005.660888347228  4720.500234068482
Adsorbate-atom-force:    2 3 -10660.003168340649  -232.221266251319 -13245.428846555416
Adsorbate-atom-force:    3 0 -4787.134093170152 -2555.530463520331  1804.003848286404
Adsorbate-atom-force:    3 1 -1295.952764731315  9651.893397840840  3130.835871905047
Adsorbate-atom-force:    3 2 -1959.261613086423   691.314035718891  6654.641319581900
Adsorbate-atom-force:    3 3  8575.986895556507 -6608.120985825718 -12107.188142895830
Adsorbate-atom-force:    4 0 -2403.551959496731  -503.371046168145  -540.179362106472
Adsorbate-atom-force:    4 1 -3422.558317148506   707.638821355064  7797.961250454064
Adsorbate-atom-force:    4 2 -1414.665852179228  8670.025922833071  3020.320274950399
Adsorbate-atom-force:    4 3  8521.776491881779 -6937.428536018494 -12314.698828760929
Adsorbate-atom-force:    5 0  1896.142229258568 -2416.928147048141 -4661.574779370683
Adsorbate-atom-force:    5 1  4295.378544341106  4034.777660891586 10391.561730804222
Adsorbate-atom-force:    5 2  3285.853062436076  5435.084327456236  5205.615782066280
Adsorbate-atom-force:    5 3 -8789.167512209675 -4468.519766179652 -15965.814226226201
Adsorbate-atom-force:    6 0  1152.116230247875  4592.683006341771  1247.760149377030
Adsorbate-atom-force:    6 1 -4215.726850043238  3136.026214757970 -1977.259417314349
Adsorbate-atom-force:    6 2  2545.760476125807  1859.849442231684 -7373.015512927666
Adsorbate-atom-force:    6 3   624.828282727429 -9713.913199971883  8976.276457538874
Adsorbate-atom-force:    7 0  4132.948535623235 -4588.599027479458 -11932.698299882997
Adsorbate-atom-force:    7 1  3695.819843150435  8917.400288177134  3606.166665550918
Adsorbate-atom-force:    7 2  3098.895893961858  2160.593379542183 10397.457074330878
Adsorbate-atom-force:    7 3 -11979.433272166249 -3690.426454349460 -12944.337651542521
Adsorbate-atom-force:    8 0 -6687.969252382644  3125.520014195542   193.013286945223
Adsorbate-atom-force:    8 1 -4301.309328172607 -8492.724326531046 -4307.774546414117
Adsorbate-atom-force:    8 2 -2073.821294417346    44.632409037548 -10337.180013744264
Adsorbate-atom-force:    8 3 11629.281752873603  4164.423856384063 14320.809358181985
Adsorbate-atom-force:    9 0  -356.815588299479  1548.811843201327  3727.480421612652
Adsorbate-atom-force:    9 1  7330.390948593889    98.901201402763 -2874.905544486493
Adsorbate-atom-force:    9 2   -37.820946347487  1363.097489992358 -8652.051782892777
Adsorbate-atom-force:    9 3 -6171.122018874082 -7507.220939671604 10936.444209932477
Adsorbate-atom-force:    10 0 -6340.726126193968  4654.348738492964 -2443.196260803017
Adsorbate-atom-force:    10 1 -4825.471183807964 -1986.212492766497 -7678.086670800060
Adsorbate-atom-force:    10 2 -5033.412056366216 -9435.694147463468 -4002.653761576888
Adsorbate-atom-force:    10 3 14060.625486195437  6857.750948518139 11877.231388296132
Adsorbate-atom-force:    11 0  4190.434207062821  2797.501222208353  1651.092747744070
Adsorbate-atom-force:    11 1  2161.929753971285 -10335.025895533807 -1658.367225105460
Adsorbate-atom-force:    11 2  2344.690885399775  -794.202586878410 -9253.616502620323
Adsorbate-atom-force:    11 3 -7837.690377369125  8554.635949885833 12229.727486153348
Adsorbate-atom-force:    12 0  5193.219702484891  -295.281675614173 -2465.840006882255
Adsorbate-atom-force:    12 1 -9672.947279817688  2619.106459981330 -4461.599816420586
Adsorbate-atom-force:    12 2 -2078.049588607130   493.307809804114 -6729.661798158506
Adsorbate-atom-force:    12 3  7900.151904090275 -3313.653958918763 11181.618772273729
Adsorbate-atom-force:    13 0  5646.835343891317 -2065.975350790624  7253.624128397403
Adsorbate-atom-force:    13 1  4576.577927150705   339.838488707608  7294.750553510311
Adsorbate-atom-force:    13 2  5822.073061163604 10861.685381937967  1733.328138612691
Adsorbate-atom-force:    13 3 -14843.814001724260 -10184.734838071541 -10249.719185420010
Adsorbate-atom-force:    14 0  -970.203240588443  5164.283564905424  2694.217986719474
Adsorbate-atom-force:    14 1 10520.077901928653  -780.476293369084 -4028.345504481406
Adsorbate-atom-force:    14 2  4358.692987703391  4021.409576475107 -11189.835802146707
Adsorbate-atom-force:    14 3 -14745.766491213359 -9812.734240359845 12744.384815448955
Adsorbate-atom-force:    15 0  3615.291452768051  1877.031192621337  3848.442057494547
Adsorbate-atom-force:    15 1  2484.780330659553 -9296.184107690442 -2258.357562144375
Adsorbate-atom-force:    15 2  3745.392458250099 -3254.086930332562 -9422.750091771792
Adsorbate-atom-force:    15 3 -7669.083350362595  9222.287271043302 13059.882785734868
Adsorbate-atom-force:    16 0   386.351044507167   334.079600891732  3310.607380017153
Adsorbate-atom-force:    16 1  6907.215854993920  -743.875011691439 -3341.551819805260
Adsorbate-atom-force:    16 2 -1198.552922655793   892.293493147311 -9604.669827364589
Adsorbate-atom-force:    16 3 -4475.541995176093  -453.400866610471 13169.778164928735
Adsorbate-atom-force:    17 0  3078.292923494938 -4696.960877400509  1788.246230235542
Adsorbate-atom-force:    17 1   489.452198967762  -964.462542810816  9629.078858882995
Adsorbate-atom-force:    17 2  1607.931321573347  6526.774401814239  -395.172201819784
Adsorbate-atom-force:    17 3 -7868.918225753818 -4427.832963402306 -12228.496227153140
Adsorbate-atom-force:    18 0 -3096.759074798850  -323.686281149842  2777.857415645002
Adsorbate-atom-force:    18 1  5854.032948338271 11630.088694424061   265.293253087592
Adsorbate-atom-force:    18 2 -1519.849044571154  3322.403440836187  1881.348414695314
Adsorbate-atom-force:    18 3  2356.621901932575 -14215.467209462924 -5666.959900040753
Adsorbate-atom-force:    19 0 -7513.251801880557 -1890.210767532834 -7519.618772980761
Adsorbate-atom-force:    19 1 11428.707263927950 -3844.072640579348  4079.356244638358
Adsorbate-atom-force:    19 2  1410.772035298544 -2745.652729152009 11184.073401557085
Adsorbate-atom-force:    19 3 -8268.377994300574  8762.925946688334 -10958.798657090050
Adsorbate-atom-force:    20 0  4768.569232842444 -5463.738134649271  2533.414861839410
Adsorbate-atom-force:    20 1 -11435.973425705599 -1510.992348557154  3593.562734610175
Adsorbate-atom-force:    20 2  1504.104836111688 -3200.385544381827  9120.389504126228
Adsorbate-atom-force:    20 3  7414.527633949019  8832.121288537042 -14035.338500362615
Adsorbate-atom-force:    21 0   140.664779240469   185.308764408890 -2730.886281288495
Adsorbate-atom-force:    21 1 -1934.549380024105 -1964.503595891040  8071.667318972682
Adsorbate-atom-force:    21 2 -8274.379152417936   808.623369583747  3365.904635907243
Adsorbate-atom-force:    21 3  7786.010170705221  4657.580266773464 -8548.268356722872
Adsorbate-atom-force:    22 0 -7750.453015467831  -328.881616254586 -2331.017535027733
Adsorbate-atom-force:    22 1 -3604.269903234279  2436.560175217551  6620.507080224541
Adsorbate-atom-force:    22 2 -2230.308009510173 -2676.674362994988  5202.112270603915
Adsorbate-atom-force:    22 3 11421.045836326952  -507.309240630027 -10049.849966414655
Adsorbate-atom-force:    23 0 -4938.597336937676 -5239.209219567463  2430.736700815588
Adsorbate-atom-force:    23 1 -4966.761303528687   456.411919074989  5158.843969456828
Adsorbate-atom-force:    23 2 -8147.733794475198  7515.218391465622  5074.516809697064
Adsorbate-atom-force:    23 3 14879.572065703860 -1424.424597841306 -10444.526187068517
Adsorbate-atom-force:    24 0  8337.503903930130     7.656767566414  1254.985999829644
Adsorbate-atom-force:    24 1 -11738.132151511729 -5397.396116027446  5440.481893180188
Adsorbate-atom-force:    24 2 -1031.216052975502 -2539.251110810175  3998.629585552276
Adsorbate-atom-force:    24 3  4777.984712146218 10207.187979174023 -12254.251364127687
Adsorbate-atom-force:    25 0 -6045.580284400136  7279.767464291014  1774.817807016890
Adsorbate-atom-force:    25 1 -3155.780696567757  -183.838234297121 -7483.686173781264
Adsorbate-atom-force:    25 2 -5493.681860398471 -9808.573910519801 -4471.839742788623
Adsorbate-atom-force:    25 3 13719.992008337158  3120.900514071162  9662.863280030215
Adsorbate-atom-force:    26 0   564.257680897384  3100.506528551996 -3034.629365094652
Adsorbate-atom-force:    26 1 -2282.358267511072 -7372.743379107741 -5549.763053843834
Adsorbate-atom-force:    26 2 -1706.097527935636   498.132607971683 -7644.900782209946
Adsorbate-atom-force:    26 3  5963.337172549739  1073.191607430720 13533.579607646430
Adsorbate-atom-force:    27 0 -3452.215247883556 -3300.799754488038  2668.139281607693
Adsorbate-atom-force:    27 1   598.359317911279 -4990.267207238981  9178.929992658715
Adsorbate-atom-force:    27 2  8613.183340700421 -5675.596574613693  5128.656637802949
Adsorbate-atom-force:    27 3 -3137.402858285229 12536.486738849733 -13690.602718550168
Adsorbate-atom-force:    28 0 -3139.830027971824  -748.411859333604 -9286.498504426598
Adsorbate-atom-force:    28 1 -1420.834772769685  -259.541807854422  9608.465581127868
Adsorbate-atom-force:    28 2 -1376.914175779313  8866.730346923847   478.441150941320
Adsorbate-atom-force:    28 3  8693.184905890554 -7943.700965101707 -6392.536404350167
Adsorbate-atom-force:    29 0  8107.672850740258  2318.988227311316  -521.553075308269
Adsorbate-atom-force:    29 1 -10256.183454893562  4016.193143113491 -1526.245669338260
Adsorbate-atom-force:    29 2  -389.690221570374  3303.232254920549 -4949.647021459251
Adsorbate-atom-force:    29 3  6256.639862591946 -11584.082708159651  8144.302335689332
Adsorbate-atom-force:    30 0  3087.100318677672  4315.491593657130  2508.845617161919
Adsorbate-atom-force:    30 1  2512.543388695667  2847.428873221982 -8778.680606395288
Adsorbate-atom-force:    30 2 -6938.467341321862  2705.828189686154   200.928512444882
Adsorbate-atom-force:    30 3  2723.808810497044 -7434.324986314616 12306.197505530867
Adsorbate-atom-force:    31 0 -4262.377941006563 -2144.816954741911  9094.127408977147
Adsorbate-atom-force:    31 1  -418.489906947942 -4358.308263009207  9927.692616738370
Adsorbate-atom-force:    31 2  9658.791704020707 -5146.310668400177  2766.381951474040
Adsorbate-atom-force:    31 3 -4566.093658397715 11916.755964570617 -14819.452292301037
Adsorbate-atom-force:    32 0 -2046.233960368064 -1806.451408718864  2212.593982911473
Adsorbate-atom-force:    32 1  6564.832535918964 -4064.726760599804  2499.609338285537
Adsorbate-atom-force:    32 2  -445.759400242877 -4763.988984667319  7385.248365731092
Adsorbate-atom-force:    32 3 -5112.161999184955 12305.692904028654 -9508.002261356825
Adsorbate-atom-force:    33 0 -3914.715164354896  2398.427914272589  2364.120091020541
Adsorbate-atom-force:    33 1 -5100.308341896602 -1326.519164043956 -9401.698128902313
Adsorbate-atom-force:    33 2 -2739.156450852627 -7937.222112065932 -2517.864042348397
Adsorbate-atom-force:    33 3  9987.328922944214  5740.777670465055  8539.397598139212
Adsorbate-atom-force:    34 0 -4576.430051289181  3115.626550891868 -6259.335137355188
Adsorbate-atom-force:    34 1  1449.522309502290  4000.176405897741 -6863.204151926210
Adsorbate-atom-force:    34 2 11325.884937218843  1065.121264986210 -4722.500468806910
Adsorbate-atom-force:    34 3 -7894.279252862871 -10770.796178928504 13693.250830565446
Adsorbate-atom-force:    35 0  1085.707890185513 -1980.074108616908 -6317.293881588758
Adsorbate-atom-force:    35 1   585.874357797466 -1316.169095235478  9819.220547199298
Adsorbate-atom-force:    35 2 -7484.088889968586 -1488.903571183531  2597.580033858165
Adsorbate-atom-force:    35 3  5639.656202717293  6077.980063958405 -10143.054726408893
Adsorbate-atom-force:    36 0 -6066.335587050829 -8022.122975147800  -467.156433390640
Adsorbate-atom-force:    36 1 10180.168116432933 -2930.582312987017  1929.344465280260
Adsorbate-atom-force:    36 2  -398.652647328990 -2271.501898872541  8669.125032301496
Adsorbate-atom-force:    36 3 -3016.280410403115 11827.646743177471 -11567.670225322085
Adsorbate-atom-force:    37 0  -738.030923545401  7323.231537908831  2737.393647798373
Adsorbate-atom-force:    37 1 -2693.807004090492 -10660.927257295731 -1076.926118252067
Adsorbate-atom-force:    37 2   425.793597476760   615.153034594635 -8191.802140275929
Adsorbate-atom-force:    37 3  3288.819191311391  7134.103286533841  8339.093472772176
Adsorbate-atom-force:    38 0  2687.069515766948 -5401.035373182143 -2406.738567760071
Adsorbate-atom-force:    38 1 -11621.034506664815 -1427.443430672521  5240.551719607340
Adsorbate-atom-force:    38 2 -3162.478615571389  -475.902984900567 11400.042254065447
Adsorbate-atom-force:    38 3  8894.521016729293  7378.158406483025 -16439.232901251333
Adsorbate-atom-force:    39 0  3266.355691375036  2132.452954460727 -5452.888160771706
Adsorbate-atom-force:    39 1   522.374924123088 -2377.098519441213 -8596.318244779253
Adsorbate-atom-force:    39 2 -1678.901007211380 -11642.057020764532 -3878.538343843712
Adsorbate-atom-force:    39 3 -3952.596022328324 11146.085071473844 12228.731876702754
Adsorbate-atom-force:    40 0  1883.650298919033   -18.234617442884 -1250.183966154413
Adsorbate-atom-force:    40 1  1858.699630843691   736.669784711280 -8965.127880855420
Adsorbate-atom-force:    40 2  1593.429383822046 -6873.718967900592 -2830.290264849644
Adsorbate-atom-force:    40 3 -7527.818739747288  5761.122596128601 12328.017858883886
Adsorbate-atom-force:    41 0  7943.592404213239  3428.022169468926 -3555.677450143931
Adsorbate-atom-force:    41 1  -990.188504609648  4619.510404655315 -7671.461200533791
Adsorbate-atom-force:    41 2 -12322.597392079946  7419.862864742005 -2179.771500960877
Adsorbate-atom-force:    41 3  7279.152887670429 -14147.113291297468 12849.338567608671
Adsorbate-atom-force:    42 0     2.320249627759 -6161.863701524261  3644.752757597088
Adsorbate-atom-force:    42 1  3630.504748826272 10776.493169459216  1941.905534593627
Adsorbate-atom-force:    42 2  2261.408221143807  -899.821093803845  9093.566385652692
Adsorbate-atom-force:    42 3 -8050.822976436539 -4195.102654252174 -13135.388669879387
Adsorbate-atom-force:    43 0  2387.165697622713   726.474832100298 -3293.565004097755
Adsorbate-atom-force:    43 1  -462.712186026584 -9994.865998779887 -2065.422176292248
Adsorbate-atom-force:    43 2  1161.308601842396 -1252.321722158618 -8590.885219611746
Adsorbate-atom-force:    43 3 -6095.555863186842  8661.986930805824 13921.031891632925
Adsorbate-atom-force:    44 0  -793.894746402172  2754.693798093766 -3297.533630005832
Adsorbate-atom-force:    44 1  2261.727248097540  3536.019542672047 -5897.949129412301
Adsorbate-atom-force:    44 2  8426.184576094505  1088.513243738223 -5992.760742794851
Adsorbate-atom-force:    44 3 -8001.581111238505 -7217.018698794961 12361.260287013904
Adsorbate-atom-charge:   0 0     0.000000000000
Adsorbate-atom-charge:   0 1     0.520000000000
Adsorbate-atom-charge:   0 2     0.520000000000
Adsorbate-atom-charge:   0 3    -1.040000000000
Adsorbate-atom-charge:   1 0     0.000000000000
Adsorbate-atom-charge:   1 1     0.520000000000
Adsorbate-atom-charge:   1 2     0.520000000000
Adsorbate-atom-charge:   1 3    -1.040000000000
Adsorbate-atom-charge:   2 0     0.000000000000
Adsorbate-atom-charge:   2 1     0.520000000000
Adsorbate-atom-charge:   2 2     0.520000000000
Adsorbate-atom-charge:   2 3    -1.040000000000
Adsorbate-atom-charge:   3 0     0.000000000000
Adsorbate-atom-charge:   3 1     0.520000000000
Adsorbate-atom-charge:   3 2     0.520000000000
Adsorbate-atom-charge:   3 3    -1.040000000000
Adsorbate-atom-charge:   4 0     0.000000000000
Adsorbate-atom-charge:   4 1     0.520000000000
Adsorbate-atom-charge:   4 2     0.520000000000
Adsorbate-atom-charge:   4 3    -1.040000000000
Adsorbate-atom-charge:   5 0     0.000000000000
Adsorbate-atom-charge:   5 1     0.520000000000
Adsorbate-atom-charge:   5 2     0.520000000000
Adsorbate-atom-charge:   5 3    -1.040000000000
Adsorbate-atom-charge:   6 0     0.000000000000
Adsorbate-atom-charge:   6 1     0.520000000000
Adsorbate-atom-charge:   6 2     0.520000000000
Adsorbate-atom-charge:   6 3    -1.040000000000
Adsorbate-atom-charge:   7 0     0.000000000000
Adsorbate-atom-charge:   7 1     0.520000000000
Adsorbate-atom-charge:   7 2     0.520000000000
Adsorbate-atom-charge:   7 3    -1.040000000000
Adsorbate-atom-charge:   8 0     0.000000000000
Adsorbate-atom-charge:   8 1     0.520000000000
Adsorbate-atom-charge:   8 2     0.520000000000
Adsorbate-atom-charge:   8 3    -1.040000000000
Adsorbate-atom-charge:   9 0     0.000000000000
Adsorbate-atom-charge:   9 1     0.520000000000
Adsorbate-atom-charge:   9 2     0.520000000000
Adsorbate-atom-charge:   9 3    -1.040000000000
Adsorbate-atom-charge:   10 0     0.000000000000
Adsorbate-atom-charge:   10 1     0.520000000000
Adsorbate-atom-charge:   10 2     0.520000000000
Adsorbate-atom-charge:   10 3    -1.040000000000
Adsorbate-atom-charge:   11 0     0.000000000000
Adsorbate-atom-charge:   11 1     0.520000000000
Adsorbate-atom-charge:   11 2     0.520000000000
Adsorbate-atom-charge:   11 3    -1.040000000000
Adsorbate-atom-charge:   12 0     0.000000000000
Adsorbate-atom-charge:   12 1     0.520000000000
Adsorbate-atom-charge:   12 2     0.520000000000
Adsorbate-atom-charge:   12 3    -1.040000000000
Adsorbate-atom-charge:   13 0     0.000000000000
Adsorbate-atom-charge:   13 1     0.520000000000
Adsorbate-atom-charge:   13 2     0.520000000000
Adsorbate-atom-charge:   13 3    -1.040000000000
Adsorbate-atom-charge:   14 0     0.000000000000
Adsorbate-atom-charge:   14 1     0.520000000000
Adsorbate-atom-charge:   14 2     0.520000000000
Adsorbate-atom-charge:   14 3    -1.040000000000
Adsorbate-atom-charge:   15 0     0.000000000000
Adsorbate-atom-charge:   15 1     0.520000000000
Adsorbate-atom-charge:   15 2     0.520000000000
Adsorbate-atom-charge:   15 3    -1.040000000000
Adsorbate-atom-charge:   16 0     0.000000000000
Adsorbate-atom-charge:   16 1     0.520000000000
Adsorbate-atom-charge:   16 2     0.520000000000
Adsorbate-atom-charge:   16 3    -1.040000000000
Adsorbate-atom-charge:   17 0     0.000000000000
Adsorbate-atom-charge:   17 1     0.520000000000
Adsorbate-atom-charge:   17 2     0.520000000000
Adsorbate-atom-charge:   17 3    -1.040000000000
Adsorbate-atom-charge:   18 0     0.000000000000
Adsorbate-atom-charge:   18 1     0.520000000000
Adsorbate-atom-charge:   18 2     0.520000000000
Adsorbate-atom-charge:   18 3    -1.040000000000
Adsorbate-atom-charge:   19 0     0.000000000000
Adsorbate-atom-charge:   19 1     0.520000000000
Adsorbate-atom-charge:   19 2     0.520000000000
Adsorbate-atom-charge:   19 3    -1.040000000000
Adsorbate-atom-charge:   20 0     0.000000000000
Adsorbate-atom-charge:   20 1     0.520000000000
Adsorbate-atom-charge:   20 2     0.520000000000
Adsorbate-atom-charge:   20 3    -1.040000000000
Adsorbate-atom-charge:   21 0     0.000000000000
Adsorbate-atom-charge:   21 1     0.520000000000
Adsorbate-atom-charge:   21 2     0.520000000000
Adsorbate-atom-charge:   21 3    -1.040000000000
Adsorbate-atom-charge:   22 0     0.000000000000
Adsorbate-atom-charge:   22 1     0.520000000000
Adsorbate-atom-charge:   22 2     0.520000000000
Adsorbate-atom-charge:   22 3    -1.040000000000
Adsorbate-atom-charge:   23 0     0.000000000000
Adsorbate-atom-charge:   23 1     0.520000000000
Adsorbate-atom-charge:   23 2     0.520000000000
Adsorbate-atom-charge:   23 3    -1.040000000000
Adsorbate-atom-charge:   24 0     0.000000000000
Adsorbate-atom-charge:   24 1     0.520000000000
Adsorbate-atom-charge:   24 2     0.520000000000
Adsorbate-atom-charge:   24 3    -1.040000000000
Adsorbate-atom-charge:   25 0     0.000000000000
Adsorbate-atom-charge:   25 1     0.520000000000
Adsorbate-atom-charge:   25 2     0.520000000000
Adsorbate-atom-charge:   25 3    -1.040000000000
Adsorbate-atom-charge:   26 0     0.000000000000
Adsorbate-atom-charge:   26 1     0.520000000000
Adsorbate-atom-charge:   26 2     0.520000000000
Adsorbate-atom-charge:   26 3    -1.040000000000
Adsorbate-atom-charge:   27 0     0.000000000000
Adsorbate-atom-charge:   27 1     0.520000000000
Adsorbate-atom-charge:   27 2     0.520000000000
Adsorbate-atom-charge:   27 3    -1.040000000000
Adsorbate-atom-charge:   28 0     0.000000000000
Adsorbate-atom-charge:   28 1     0.520000000000
Adsorbate-atom-charge:   28 2     0.520000000000
Adsorbate-atom-charge:   28 3    -1.040000000000
Adsorbate-atom-charge:   29 0     0.000000000000
Adsorbate-atom-charge:   29 1     0.520000000000
Adsorbate-atom-charge:   29 2     0.520000000000
Adsorbate-atom-charge:   29 3    -1.040000000000
Adsorbate-atom-charge:   30 0     0.000000000000
Adsorbate-atom-charge:   30 1     0.520000000000
Adsorbate-atom-charge:   30 2     0.520000000000
Adsorbate-atom-charge:   30 3    -1.040000000000
Adsorbate-atom-charge:   31 0     0.000000000000
Adsorbate-atom-charge:   31 1     0.520000000000
Adsorbate-atom-charge:   31 2     0.520000000000
Adsorbate-atom-charge:   31 3    -1.040000000000
Adsorbate-atom-charge:   32 0     0.000000000000
Adsorbate-atom-charge:   32 1     0.520000000000
Adsorbate-atom-charge:   32 2     0.520000000000
Adsorbate-atom-charge:   32 3    -1.040000000000
Adsorbate-atom-charge:   33 0     0.000000000000
Adsorbate-atom-charge:   33 1     0.520000000000
Adsorbate-atom-charge:   33 2     0.520000000000
Adsorbate-atom-charge:   33 3    -1.040000000000
Adsorbate-atom-charge:   34 0     0.000000000000
Adsorbate-atom-charge:   34 1     0.520000000000
Adsorbate-atom-charge:   34 2     0.520000000000
Adsorbate-atom-charge:   34 3    -1.040000000000
Adsorbate-atom-charge:   35 0     0.000000000000
Adsorbate-atom-charge:   35 1     0.520000000000
Adsorbate-atom-charge:   35 2     0.520000000000
Adsorbate-atom-charge:   35 3    -1.040000000000
Adsorbate-atom-charge:   36 0     0.000000000000
Adsorbate-atom-charge:   36 1     0.520000000000
Adsorbate-atom-charge:   36 2     0.520000000000
Adsorbate-atom-charge:   36 3    -1.040000000000
Adsorbate-atom-charge:   37 0     0.000000000000
Adsorbate-atom-charge:   37 1     0.520000000000
Adsorbate-atom-charge:   37 2     0.520000000000
Adsorbate-atom-charge:   37 3    -1.040000000000
Adsorbate-atom-charge:   38 0     0.000000000000
Adsorbate-atom-charge:   38 1     0.520000000000
Adsorbate-atom-charge:   38 2     0.520000000000
Adsorbate-atom-charge:   38 3    -1.040000000000
Adsorbate-atom-charge:   39 0     0.000000000000
Adsorbate-atom-charge:   39 1     0.520000000000
Adsorbate-atom-charge:   39 2     0.520000000000
Adsorbate-atom-charge:   39 3    -1.040000000000
Adsorbate-atom-charge:   40 0     0.000000000000
Adsorbate-atom-charge:   40 1     0.520000000000
Adsorbate-atom-charge:   40 2     0.520000000000
Adsorbate-atom-charge:   40 3    -1.040000000000
Adsorbate-atom-charge:   41 0     0.000000000000
Adsorbate-atom-charge:   41 1     0.520000000000
Adsorbate-atom-charge:   41 2     0.520000000000
Adsorbate-atom-charge:   41 3    -1.040000000000
Adsorbate-atom-charge:   42 0     0.000000000000
Adsorbate-atom-charge:   42 1     0.520000000000
Adsorbate-atom-charge:   42 2     0.520000000000
Adsorbate-atom-charge:   42 3    -1.040000000000
Adsorbate-atom-charge:   43 0     0.000000000000
Adsorbate-atom-charge:   43 1     0.520000000000
Adsorbate-atom-charge:   43 2     0.520000000000
Adsorbate-atom-charge:   43 3    -1.040000000000
Adsorbate-atom-charge:   44 0     0.000000000000
Adsorbate-atom-charge:   44 1     0.520000000000
Adsorbate-atom-charge:   44 2     0.520000000000
Adsorbate-atom-charge:   44 3    -1.040000000000
Adsorbate-atom-scaling:  0 0     1.000000000000
Adsorbate-atom-scaling:  0 1     1.000000000000
Adsorbate-atom-scaling:  0 2     1.000000000000
Adsorbate-atom-scaling:  0 3     1.000000000000
Adsorbate-atom-scaling:  1 0     1.000000000000
Adsorbate-atom-scaling:  1 1     1.000000000000
Adsorbate-atom-scaling:  1 2     1.000000000000
Adsorbate-atom-scaling:  1 3     1.000000000000
Adsorbate-atom-scaling:  2 0     1.000000000000
Adsorbate-atom-scaling:  2 1     1.000000000000
Adsorbate-atom-scaling:  2 2     1.000000000000
Adsorbate-atom-scaling:  2 3     1.000000000000
Adsorbate-atom-scaling:  3 0     1.000000000000
Adsorbate-atom-scaling:  3 1     1.000000000000
Adsorbate-atom-scaling:  3 2     1.000000000000
Adsorbate-atom-scaling:  3 3     1.000000000000
Adsorbate-atom-scaling:  4 0     1.000000000000
Adsorbate-atom-scaling:  4 1     1.000000000000
Adsorbate-atom-scaling:  4 2     1.000000000000
Adsorbate-atom-scaling:  4 3     1.000000000000
Adsorbate-atom-scaling:  5 0     1.000000000000
Adsorbate-atom-scaling:  5 1     1.000000000000
Adsorbate-atom-scaling:  5 2     1.000000000000
Adsorbate-atom-scaling:  5 3     1.000000000000
Adsorbate-atom-scaling:  6 0     1.000000000000
Adsorbate-atom-scaling:  6 1     1.000000000000
Adsorbate-atom-scaling:  6 2     1.000000000000
Adsorbate-atom-scaling:  6 3     1.000000000000
Adsorbate-atom-scaling:  7 0     1.000000000000
Adsorbate-atom-scaling:  7 1     1.000000000000
Adsorbate-atom-scaling:  7 2     1.000000000000
Adsorbate-atom-scaling:  7 3     1.000000000000
Adsorbate-atom-scaling:  8 0     1.000000000000
Adsorbate-atom-scaling:  8 1     1.000000000000
Adsorbate-atom-scaling:  8 2     1.000000000000
Adsorbate-atom-scaling:  8 3     1.000000000000
Adsorbate-atom-scaling:  9 0     1.000000000000
Adsorbate-atom-scaling:  9 1     1.000000000000
Adsorbate-atom-scaling:  9 2     1.000000000000
Adsorbate-atom-scaling:  9 3     1.000000000000
Adsorbate-atom-scaling:  10 0     1.000000000000
Adsorbate-atom-scaling:  10 1     1.000000000000
Adsorbate-atom-scaling:  10 2     1.000000000000
Adsorbate-atom-scaling:  10 3     1.000000000000
Adsorbate-atom-scaling:  11 0     1.000000000000
Adsorbate-atom-scaling:  11 1     1.000000000000
Adsorbate-atom-scaling:  11 2     1.000000000000
Adsorbate-atom-scaling:  11 3     1.000000000000
Adsorbate-atom-scaling:  12 0     1.000000000000
Adsorbate-atom-scaling:  12 1     1.000000000000
Adsorbate-atom-scaling:  12 2     1.000000000000
Adsorbate-atom-scaling:  12 3     1.000000000000
Adsorbate-atom-scaling:  13 0     1.000000000000
Adsorbate-atom-scaling:  13 1     1.000000000000
Adsorbate-atom-scaling:  13 2     1.000000000000
Adsorbate-atom-scaling:  13 3     1.000000000000
Adsorbate-atom-scaling:  14 0     1.000000000000
Adsorbate-atom-scaling:  14 1     1.000000000000
Adsorbate-atom-scaling:  14 2     1.000000000000
Adsorbate-atom-scaling:  14 3     1.000000000000
Adsorbate-atom-scaling:  15 0     1.000000000000
Adsorbate-atom-scaling:  15 1     1.000000000000
Adsorbate-atom-scaling:  15 2     1.000000000000
Adsorbate-atom-scaling:  15 3     1.000000000000
Adsorbate-atom-scaling:  16 0     1.000000000000
Adsorbate-atom-scaling:  16 1     1.000000000000
Adsorbate-atom-scaling:  16 2     1.000000000000
Adsorbate-atom-scaling:  16 3     1.000000000000
Adsorbate-atom-scaling:  17 0     1.000000000000
Adsorbate-atom-scaling:  17 1     1.000000000000
Adsorbate-atom-scaling:  17 2     1.000000000000
Adsorbate-atom-scaling:  17 3     1.000000000000
Adsorbate-atom-scaling:  18 0     1.000000000000
Adsorbate-atom-scaling:  18 1     1.000000000000
Adsorbate-atom-scaling:  18 2     1.000000000000
Adsorbate-atom-scaling:  18 3     1.000000000000
Adsorbate-atom-scaling:  19 0     1.000000000000
Adsorbate-atom-scaling:  19 1     1.000000000000
Adsorbate-atom-scaling:  19 2     1.000000000000
Adsorbate-atom-scaling:  19 3     1.000000000000
Adsorbate-atom-scaling:  20 0     1.000000000000
Adsorbate-atom-scaling:  20 1     1.000000000000
Adsorbate-atom-scaling:  20 2     1.000000000000
Adsorbate-atom-scaling:  20 3     1.000000000000
Adsorbate-atom-scaling:  21 0     1.000000000000
Adsorbate-atom-scaling:  21 1     1.000000000000
Adsorbate-atom-scaling:  21 2     1.000000000000
Adsorbate-atom-scaling:  21 3     1.000000000000
Adsorbate-atom-scaling:  22 0     1.000000000000
Adsorbate-atom-scaling:  22 1     1.000000000000
Adsorbate-atom-scaling:  22 2     1.000000000000
Adsorbate-atom-scaling:  22 3     1.000000000000
Adsorbate-atom-scaling:  23 0     1.000000000000
Adsorbate-atom-scaling:  23 1     1.000000000000
Adsorbate-atom-scaling:  23 2     1.000000000000
Adsorbate-atom-scaling:  23 3     1.000000000000
Adsorbate-atom-scaling:  24 0     1.000000000000
Adsorbate-atom-scaling:  24 1     1.000000000000
Adsorbate-atom-scaling:  24 2     1.000000000000
Adsorbate-atom-scaling:  24 3     1.000000000000
Adsorbate-atom-scaling:  25 0     1.000000000000
Adsorbate-atom-scaling:  25 1     1.000000000000
Adsorbate-atom-scaling:  25 2     1.000000000000
Adsorbate-atom-scaling:  25 3     1.000000000000
Adsorbate-atom-scaling:  26 0     1.000000000000
Adsorbate-atom-scaling:  26 1     1.000000000000
Adsorbate-atom-scaling:  26 2     1.000000000000
Adsorbate-atom-scaling:  26 3     1.000000000000
Adsorbate-atom-scaling:  27 0     1.000000000000
Adsorbate-atom-scaling:  27 1     1.000000000000
Adsorbate-atom-scaling:  27 2     1.000000000000
Adsorbate-atom-scaling:  27 3     1.000000000000
Adsorbate-atom-scaling:  28 0     1.000000000000
Adsorbate-atom-scaling:  28 1     1.000000000000
Adsorbate-atom-scaling:  28 2     1.000000000000
Adsorbate-atom-scaling:  28 3     1.000000000000
Adsorbate-atom-scaling:  29 0     1.000000000000
Adsorbate-atom-scaling:  29 1     1.000000000000
Adsorbate-atom-scaling:  29 2     1.000000000000
Adsorbate-atom-scaling:  29 3     1.000000000000
Adsorbate-atom-scaling:  30 0     1.000000000000
Adsorbate-atom-scaling:  30 1     1.000000000000
Adsorbate-atom-scaling:  30 2     1.000000000000
Adsorbate-atom-scaling:  30 3     1.000000000000
Adsorbate-atom-scaling:  31 0     1.000000000000
Adsorbate-atom-scaling:  31 1     1.000000000000
Adsorbate-atom-scaling:  31 2     1.000000000000
Adsorbate-atom-scaling:  31 3     1.000000000000
Adsorbate-atom-scaling:  32 0     1.000000000000
Adsorbate-atom-scaling:  32 1     1.000000000000
Adsorbate-atom-scaling:  32 2     1.000000000000
Adsorbate-atom-scaling:  32 3     1.000000000000
Adsorbate-atom-scaling:  33 0     1.000000000000
Adsorbate-atom-scaling:  33 1     1.000000000000
Adsorbate-atom-scaling:  33 2     1.000000000000
Adsorbate-atom-scaling:  33 3     1.000000000000
Adsorbate-atom-scaling:  34 0     1.000000000000
Adsorbate-atom-scaling:  34 1     1.000000000000
Adsorbate-atom-scaling:  34 2     1.000000000000
Adsorbate-atom-scaling:  34 3     1.000000000000
Adsorbate-atom-scaling:  35 0     1.000000000000
Adsorbate-atom-scaling:  35 1     1.000000000000
Adsorbate-atom-scaling:  35 2     1.000000000000
Adsorbate-atom-scaling:  35 3     1.000000000000
Adsorbate-atom-scaling:  36 0     1.000000000000
Adsorbate-atom-scaling:  36 1     1.000000000000
Adsorbate-atom-scaling:  36 2     1.000000000000
Adsorbate-atom-scaling:  36 3     1.000000000000
Adsorbate-atom-scaling:  37 0     1.000000000000
Adsorbate-atom-scaling:  37 1     1.000000000000
Adsorbate-atom-scaling:  37 2     1.000000000000
Adsorbate-atom-scaling:  37 3     1.000000000000
Adsorbate-atom-scaling:  38 0     1.000000000000
Adsorbate-atom-scaling:  38 1     1.000000000000
Adsorbate-atom-scaling:  38 2     1.000000000000
Adsorbate-atom-scaling:  38 3     1.000000000000
Adsorbate-atom-scaling:  39 0     1.000000000000
Adsorbate-atom-scaling:  39 1     1.000000000000
Adsorbate-atom-scaling:  39 2     1.000000000000
Adsorbate-atom-scaling:  39 3     1.000000000000
Adsorbate-atom-scaling:  40 0     1.000000000000
Adsorbate-atom-scaling:  40 1     1.000000000000
Adsorbate-atom-scaling:  40 2     1.000000000000
Adsorbate-atom-scaling:  40 3     1.000000000000
Adsorbate-atom-scaling:  41 0     1.000000000000
Adsorbate-atom-scaling:  41 1     1.000000000000
Adsorbate-atom-scaling:  41 2     1.000000000000
Adsorbate-atom-scaling:  41 3     1.000000000000
Adsorbate-atom-scaling:  42 0     1.000000000000
Adsorbate-atom-scaling:  42 1     1.000000000000
Adsorbate-atom-scaling:  42 2     1.000000000000
Adsorbate-atom-scaling:  42 3     1.000000000000
Adsorbate-atom-scaling:  43 0     1.000000000000
Adsorbate-atom-scaling:  43 1     1.000000000000
Adsorbate-atom-scaling:  43 2     1.000000000000
Adsorbate-atom-scaling:  43 3     1.000000000000
Adsorbate-atom-scaling:  44 0     1.000000000000
Adsorbate-atom-scaling:  44 1     1.000000000000
Adsorbate-atom-scaling:  44 2     1.000000000000
Adsorbate-atom-scaling:  44 3     1.000000000000
Adsorbate-atom-fixed:    0 0       0 0 0
Adsorbate-atom-fixed:    0 1       0 0 0
Adsorbate-atom-fixed:    0 2       0 0 0
Adsorbate-atom-fixed:    0 3       0 0 0
Adsorbate-atom-fixed:    1 0       0 0 0
Adsorbate-atom-fixed:    1 1       0 0 0
Adsorbate-atom-fixed:    1 2       0 0 0
Adsorbate-atom-fixed:    1 3       0 0 0
Adsorbate-atom-fixed:    2 0       0 0 0
Adsorbate-atom-fixed:    2 1       0 0 0
Adsorbate-atom-fixed:    2 2       0 0 0
Adsorbate-atom-fixed:    2 3       0 0 0
Adsorbate-atom-fixed:    3 0       0 0 0
Adsorbate-atom-fixed:    3 1       0 0 0
Adsorbate-atom-fixed:    3 2       0 0 0
Adsorbate-atom-fixed:    3 3       0 0 0
Adsorbate-atom-fixed:    4 0       0 0 0
Adsorbate-atom-fixed:    4 1       0 0 0
Adsorbate-atom-fixed:    4 2       0 0 0
Adsorbate-atom-fixed:    4 3       0 0 0
Adsorbate-atom-fixed:    5 0       0 0 0
Adsorbate-atom-fixed:    5 1       0 0 0
Adsorbate-atom-fixed:    5 2       0 0 0
Adsorbate-atom-fixed:    5 3       0 0 0
Adsorbate-atom-fixed:    6 0       0 0 0
Adsorbate-atom-fixed:    6 1       0 0 0
Adsorbate-atom-fixed:    6 2       0 0 0
Adsorbate-atom-fixed:    6 3       0 0 0
Adsorbate-atom-fixed:    7 0       0 0 0
Adsorbate-atom-fixed:    7 1       0 0 0
Adsorbate-atom-fixed:    7 2       0 0 0
Adsorbate-atom-fixed:    7 3       0 0 0
Adsorbate-atom-fixed:    8 0       0 0 0
Adsorbate-atom-fixed:    8 1       0 0 0
Adsorbate-atom-fixed:    8 2       0 0 0
Adsorbate-atom-fixed:    8 3       0 0 0
Adsorbate-atom-fixed:    9 0       0 0 0
Adsorbate-atom-fixed:    9 1       0 0 0
Adsorbate-atom-fixed:    9 2       0 0 0
Adsorbate-atom-fixed:    9 3       0 0 0
Adsorbate-atom-fixed:    10 0       0 0 0
Adsorbate-atom-fixed:    10 1       0 0 0
Adsorbate-atom-fixed:    10 2       0 0 0
Adsorbate-atom-fixed:    10 3       0 0 0
Adsorbate-atom-fixed:    11 0       0 0 0
Adsorbate-atom-fixed:    11 1       0 0 0
Adsorbate-atom-fixed:    11 2       0 0 0
Adsorbate-atom-fixed:    11 3       0 0 0
Adsorbate-atom-fixed:    12 0       0 0 0
Adsorbate-atom-fixed:    12 1       0 0 0
Adsorbate-atom-fixed:    12 2       0 0 0
Adsorbate-atom-fixed:    12 3       0 0 0
Adsorbate-atom-fixed:    13 0       0 0 0
Adsorbate-atom-fixed:    13 1       0 0 0
Adsorbate-atom-fixed:    13 2       0 0 0
Adsorbate-atom-fixed:    13 3       0 0 0
Adsorbate-atom-fixed:    14 0       0 0 0
Adsorbate-atom-fixed:    14 1       0 0 0
Adsorbate-atom-fixed:    14 2       0 0 0
Adsorbate-atom-fixed:    14 3       0 0 0
Adsorbate-atom-fixed:    15 0       0 0 0
Adsorbate-atom-fixed:    15 1       0 0 0
Adsorbate-atom-fixed:    15 2       0 0 0
Adsorbate-atom-fixed:    15 3       0 0 0
Adsorbate-atom-fixed:    16 0       0 0 0
Adsorbate-atom-fixed:    16 1       0 0 0
Adsorbate-atom-fixed:    16 2       0 0 0
Adsorbate-atom-fixed:    16 3       0 0 0
Adsorbate-atom-fixed:    17 0       0 0 0
Adsorbate-atom-fixed:    17 1       0 0 0
Adsorbate-atom-fixed:    17 2       0 0 0
Adsorbate-atom-fixed:    17 3       0 0 0
Adsorbate-atom-fixed:    18 0       0 0 0
Adsorbate-atom-fixed:    18 1       0 0 0
Adsorbate-atom-fixed:    18 2       0 0 0
Adsorbate-atom-fixed:    18 3       0 0 0
Adsorbate-atom-fixed:    19 0       0 0 0
Adsorbate-atom-fixed:    19 1       0 0 0
Adsorbate-atom-fixed:    19 2       0 0 0
Adsorbate-atom-fixed:    19 3       0 0 0
Adsorbate-atom-fixed:    20 0       0 0 0
Adsorbate-atom-fixed:    20 1       0 0 0
Adsorbate-atom-fixed:    20 2       0 0 0
Adsorbate-atom-fixed:    20 3       0 0 0
Adsorbate-atom-fixed:    21 0       0 0 0
Adsorbate-atom-fixed:    21 1       0 0 0
Adsorbate-atom-fixed:    21 2       0 0 0
Adsorbate-atom-fixed:    21 3       0 0 0
Adsorbate-atom-fixed:    22 0       0 0 0
Adsorbate-atom-fixed:    22 1       0 0 0
Adsorbate-atom-fixed:    22 2       0 0 0
Adsorbate-atom-fixed:    22 3       0 0 0
Adsorbate-atom-fixed:    23 0       0 0 0
Adsorbate-atom-fixed:    23 1       0 0 0
Adsorbate-atom-fixed:    23 2       0 0 0
Adsorbate-atom-fixed:    23 3       0 0 0
Adsorbate-atom-fixed:    24 0       0 0 0
Adsorbate-atom-fixed:    24 1       0 0 0
Adsorbate-atom-fixed:    24 2       0 0 0
Adsorbate-atom-fixed:    24 3       0 0 0
Adsorbate-atom-fixed:    25 0       0 0 0
Adsorbate-atom-fixed:    25 1       0 0 0
Adsorbate-atom-fixed:    25 2       0 0 0
Adsorbate-atom-fixed:    25 3       0 0 0
Adsorbate-atom-fixed:    26 0       0 0 0
Adsorbate-atom-fixed:    26 1       0 0 0
Adsorbate-atom-fixed:    26 2       0 0 0
Adsorbate-atom-fixed:    26 3       0 0 0
Adsorbate-atom-fixed:    27 0       0 0 0
Adsorbate-atom-fixed:    27 1       0 0 0
Adsorbate-atom-fixed:    27 2       0 0 0
Adsorbate-atom-fixed:    27 3       0 0 0
Adsorbate-atom-fixed:    28 0       0 0 0
Adsorbate-atom-fixed:    28 1       0 0 0
Adsorbate-atom-fixed:    28 2       0 0 0
Adsorbate-atom-fixed:    28 3       0 0 0
Adsorbate-atom-fixed:    29 0       0 0 0
Adsorbate-atom-fixed:    29 1       0 0 0
Adsorbate-atom-fixed:    29 2       0 0 0
Adsorbate-atom-fixed:    29 3       0 0 0
Adsorbate-atom-fixed:    30 0       0 0 0
Adsorbate-atom-fixed:    30 1       0 0 0
Adsorbate-atom-fixed:    30 2       0 0 0
Adsorbate-atom-fixed:    30 3       0 0 0
Adsorbate-atom-fixed:    31 0       0 0 0
Adsorbate-atom-fixed:    31 1       0 0 0
Adsorbate-atom-fixed:    31 2       0 0 0
Adsorbate-atom-fixed:    31 3       0 0 0
Adsorbate-atom-fixed:    32 0       0 0 0
Adsorbate-atom-fixed:    32 1       0 0 0
Adsorbate-atom-fixed:    32 2       0 0 0
Adsorbate-atom-fixed:    32 3       0 0 0
Adsorbate-atom-fixed:    33 0       0 0 0
Adsorbate-atom-fixed:    33 1       0 0 0
Adsorbate-atom-fixed:    33 2       0 0 0
Adsorbate-atom-fixed:    33 3       0 0 0
Adsorbate-atom-fixed:    34 0       0 0 0
Adsorbate-atom-fixed:    34 1       0 0 0
Adsorbate-atom-fixed:    34 2       0 0 0
Adsorbate-atom-fixed:    34 3       0 0 0
Adsorbate-atom-fixed:    35 0       0 0 0
Adsorbate-atom-fixed:    35 1       0 0 0
Adsorbate-atom-fixed:    35 2       0 0 0
Adsorbate-atom-fixed:    35 3       0 0 0
Adsorbate-atom-fixed:    36 0       0 0 0
Adsorbate-atom-fixed:    36 1       0 0 0
Adsorbate-atom-fixed:    36 2       0 0 0
Adsorbate-atom-fixed:    36 3       0 0 0
Adsorbate-atom-fixed:    37 0       0 0 0
Adsorbate-atom-fixed:    37 1       0 0 0
Adsorbate-atom-fixed:    37 2       0 0 0
Adsorbate-atom-fixed:    37 3       0 0 0
Adsorbate-atom-fixed:    38 0       0 0 0
Adsorbate-atom-fixed:    38 1       0 0 0
Adsorbate-atom-fixed:    38 2       0 0 0
Adsorbate-atom-fixed:    38 3       0 0 0
Adsorbate-atom-fixed:    39 0       0 0 0
Adsorbate-atom-fixed:    39 1       0 0 0
Adsorbate-atom-fixed:    39 2       0 0 0
Adsorbate-atom-fixed:    39 3       0 0 0
Adsorbate-atom-fixed:    40 0       0 0 0
Adsorbate-atom-fixed:    40 1       0 0 0
Adsorbate-atom-fixed:    40 2       0 0 0
Adsorbate-atom-fixed:    40 3       0 0 0
Adsorbate-atom-fixed:    41 0       0 0 0
Adsorbate-atom-fixed:    41 1       0 0 0
Adsorbate-atom-fixed:    41 2       0 0 0
Adsorbate-atom-fixed:    41 3       0 0 0
Adsorbate-atom-fixed:    42 0       0 0 0
Adsorbate-atom-fixed:    42 1       0 0 0
Adsorbate-atom-fixed:    42 2       0 0 0
Adsorbate-atom-fixed:    42 3       0 0 0
Adsorbate-atom-fixed:    43 0       0 0 0
Adsorbate-atom-fixed:    43 1       0 0 0
Adsorbate-atom-fixed:    43 2       0 0 0
Adsorbate-atom-fixed:    43 3       0 0 0
Adsorbate-atom-fixed:    44 0       0 0 0
Adsorbate-atom-fixed:    44 1       0 0 0
Adsorbate-atom-fixed:    44 2       0 0 0
Adsorbate-atom-fixed:    44 3       0 0 0


