Cell info:
========================================================================
number-of-unit-cells: 1 1 1
unit-cell-vector-a:    30.800000000000     0.000000000000     0.000000000000
unit-cell-vector-b:     0.000000000000    30.800000000000     0.000000000000
unit-cell-vector-c:     0.000000000000     0.000000000000    30.800000000000

cell-vector-a:    30.800000000000     0.000000000000     0.000000000000
cell-vector-b:     0.000000000000    30.800000000000     0.000000000000
cell-vector-c:     0.000000000000     0.000000000000    30.800000000000

cell-lengths:    30.800000000000    30.800000000000    30.800000000000
cell-angles:    90.000000000000    90.000000000000    90.000000000000


Maximum changes for MC-moves:
========================================================================
Maximum-volume-change: 0.000500
Maximum-Gibbs-volume-change: 0.000500
Maximum-box-shape-change: 0.100000 0.100000 0.100000, 0.100000 0.100000 0.100000, 0.100000 0.100000 0.100000


Acceptance targets for MC-moves:
========================================================================
Target-volume-change: 0.500000
Target-box-shape-change: 0.500000
Target-Gibbs-volume-change: 0.500000


Components: 1 (Adsorbates 51, Cations 0)
========================================================================
Component 0 (Tip4p)
	Fractional-molecule-id component 0: 50
	Lambda-factors component 0:  1.000000 1.000000 1.000000 1.000000
	Number-of-biasing-factors component 0: 21
	Biasing-factors component 0:  8.806751 8.916290 9.257985 9.852295 10.702628 11.843591 13.268011 14.817972 16.291584 17.652381 18.826689 19.683066 20.167972 20.313901 20.133807 19.537185 18.349679 16.278063 12.907093 7.717394 0.000000
	Maximum-CF-Lambda-change component 0: 0.181734
	Maximum-CBCF-Lambda-change component 0: 0.500000

	Maximum-translation-change component 0: 0.270109,0.267310,0.345580
	Maximum-translation-in-plane-change component 0: 0.000000,0.000000,0.000000
	Maximum-rotation-change component 0: 0.419134 0.416168 0.395533

Reactions: 0

Component: 0     Adsorbate    51 molecules of Tip4p
------------------------------------------------------------------------
Adsorbate-atom-position: 0 0    13.469485561516    13.938910369351    16.003537573367
Adsorbate-atom-position: 0 1    13.038209008819    13.655294416361    15.197439337302
Adsorbate-atom-position: 0 2    13.776259794889    14.825271256336    15.812525040679
Adsorbate-atom-position: 0 3    13.453547762538    14.016068992943    15.875895364952
Adsorbate-atom-position: 1 0    13.315546319026    16.715160153742     9.795320170239
Adsorbate-atom-position: 1 1    14.190429645011    16.986542150542    10.073102130790
Adsorbate-atom-position: 1 2    13.334126873973    16.785716617393     8.840904962745
Adsorbate-atom-position: 1 3    13.429920475313    16.758932402124     9.708702951136
Adsorbate-atom-position: 2 0    13.842714218128    13.988814655432     3.830332612269
Adsorbate-atom-position: 2 1    13.641110943079    13.573180017961     2.991979579528
Adsorbate-atom-position: 2 2    14.642879695283    13.555203983328     4.126894299091
Adsorbate-atom-position: 2 3    13.919337401575    13.880101009770     3.760976783348
Adsorbate-atom-position: 3 0    16.348682146926    13.210480186913     4.403728773674
Adsorbate-atom-position: 3 1    16.345236524808    12.802710481447     5.269721749902
Adsorbate-atom-position: 3 2    16.862839422181    14.009892173683     4.516930414966
Adsorbate-atom-position: 3 3    16.414059400199    13.260615124034     4.529077498576
Adsorbate-atom-position: 4 0    13.366970952764    16.556657798879    12.909299450272
Adsorbate-atom-position: 4 1    14.249161266687    16.910443575676    12.796128278863
Adsorbate-atom-position: 4 2    12.942446197854    16.695096237660    12.062632236416
Adsorbate-atom-position: 4 3    13.425557665994    16.619668437096    12.786428556630
Adsorbate-atom-position: 5 0    17.371562242485    15.433389784816    25.394633291760
Adsorbate-atom-position: 5 1    16.885596197656    14.619975766866    25.530377457598
Adsorbate-atom-position: 5 2    17.786061511982    15.325309275634    24.538630488609
Adsorbate-atom-position: 5 3    17.362413633005    15.315427367629    25.302431496355
Adsorbate-atom-position: 6 0    13.375423758142    16.211262480119    23.455695623523
Adsorbate-atom-position: 6 1    12.980369859895    16.100257487794    24.320474294075
Adsorbate-atom-position: 6 2    13.367955479590    17.156976313185    23.308042615955
Adsorbate-atom-position: 6 3    13.323896063133    16.318115282390    23.547496360415
Adsorbate-atom-position: 7 0    13.187257260568    16.325632759142    28.985070518772
Adsorbate-atom-position: 7 1    12.660067965881    16.518761001006    29.760315492729
Adsorbate-atom-position: 7 2    13.220366305723    15.369670053025    28.949420336109
Adsorbate-atom-position: 7 3    13.124009027612    16.227980744217    29.079747575175
Adsorbate-atom-position: 8 0    13.916020137540    14.020118000334    25.528081723450
Adsorbate-atom-position: 8 1    13.866048383509    14.902320261243    25.896122257261
Adsorbate-atom-position: 8 2    13.786816360160    14.144658126232    24.587854101629
Adsorbate-atom-position: 8 3    13.893083507789    14.148993172064    25.454834872820
Adsorbate-atom-position: 9 0    15.853421877131    17.317687087115    -1.363115578333
Adsorbate-atom-position: 9 1    15.767228659091    17.707137747189    -0.492982972109
Adsorbate-atom-position: 9 2    15.006811743055    16.901266619473    -1.524599679376
Adsorbate-atom-position: 9 3    15.734011793906    17.314234626359    -1.272400019915
Adsorbate-atom-position: 10 0    15.834263608828    17.886374963154     4.519411918241
Adsorbate-atom-position: 10 1    16.041219681578    18.115263159011     5.425508611553
Adsorbate-atom-position: 10 2    16.429374896932    17.165933779214     4.311953741400
Adsorbate-atom-position: 10 3    15.936937907858    17.823450250155     4.608846077334
Adsorbate-atom-position: 11 0    16.603481522276    13.240412975714    29.130028983346
Adsorbate-atom-position: 11 1    16.888594416050    13.071353585593    30.028005263822
Adsorbate-atom-position: 11 2    17.016747239412    14.072501248183    28.899654519174
Adsorbate-atom-position: 11 3    16.692882410322    13.325288672014    29.215490070364
Adsorbate-atom-position: 12 0    16.015535109124    13.198114075708    19.515763245315
Adsorbate-atom-position: 12 1    15.896509422564    12.996806692843    20.443955070007
Adsorbate-atom-position: 12 2    15.156380752782    13.503283119088    19.224288569190
Adsorbate-atom-position: 12 3    15.890316262015    13.211409621332    19.597270722243
Adsorbate-atom-position: 13 0    13.818226621640    13.568040634209    31.862055337364
Adsorbate-atom-position: 13 1    13.526180245708    13.340320313614    30.979397867121
Adsorbate-atom-position: 13 2    14.769920324242    13.469789477606    31.832769734489
Adsorbate-atom-position: 13 3    13.902669438015    13.526312352324    31.745315621527
Adsorbate-atom-position: 14 0    13.687233340563    13.811989710073     6.695224332204
Adsorbate-atom-position: 14 1    14.640440018893    13.729299702562     6.723353159530
Adsorbate-atom-position: 14 2    13.449507835383    13.547359054327     5.806579836296
Adsorbate-atom-position: 14 3    13.778823562916    13.767528474796     6.585067944614
Adsorbate-atom-position: 15 0    17.962192638398    15.357562559584    22.398714674930
Adsorbate-atom-position: 15 1    17.254246446886    16.000342405662    22.355377632094
Adsorbate-atom-position: 15 2    17.525589112328    14.533984145748    22.616264203009
Adsorbate-atom-position: 15 3    17.815676465701    15.334418161599    22.421015974892
Adsorbate-atom-position: 16 0    16.270275631922    17.498737976115    22.917196719336
Adsorbate-atom-position: 16 1    16.086624721609    17.528823930924    23.856131764132
Adsorbate-atom-position: 16 2    15.408966973360    17.547799663908    22.502501427154
Adsorbate-atom-position: 16 3    16.136508199802    17.508869829274    22.984305732557
Adsorbate-atom-position: 17 0    13.669876878940    16.479934738667     6.630780410383
Adsorbate-atom-position: 17 1    13.473087231052    15.563907051497     6.826736912459
Adsorbate-atom-position: 17 2    13.386501724106    16.597627821506     5.724094853116
Adsorbate-atom-position: 17 3    13.608409991064    16.377738277507     6.539798516463
Adsorbate-atom-position: 18 0    15.977067673471    17.594294657786    25.872143858925
Adsorbate-atom-position: 18 1    16.390579004820    16.737600164985    25.765772976004
Adsorbate-atom-position: 18 2    16.479794762669    18.018774084213    26.567352122835
Adsorbate-atom-position: 18 3    16.094357245601    17.538965914671    25.947522147939
Adsorbate-atom-position: 19 0    13.817323146625    16.698382808729    16.017807913400
Adsorbate-atom-position: 19 1    14.703622258103    17.029465181928    16.163032522312
Adsorbate-atom-position: 19 2    13.657753944864    16.840949626338    15.084831915719
Adsorbate-atom-position: 19 3    13.910353342973    16.759015619670    15.916966231517
Adsorbate-atom-position: 20 0    16.280783545486    17.578236341366    16.539244703926
Adsorbate-atom-position: 20 1    16.865711705669    16.830189348641    16.418759916580
Adsorbate-atom-position: 20 2    16.585174570958    17.993359000201    17.346246018432
Adsorbate-atom-position: 20 3    16.394627130773    17.535618009938    16.627127102137
Adsorbate-atom-position: 21 0    16.219537285119    13.148250411521    16.211687583744
Adsorbate-atom-position: 21 1    15.339890786039    13.492771519995    16.365827398047
Adsorbate-atom-position: 21 2    16.424726168881    12.651114813578    17.003511780850
Adsorbate-atom-position: 21 3    16.133198573113    13.128713915594    16.332782390140
Adsorbate-atom-position: 22 0    13.373676817473    16.089511450556     1.204247777419
Adsorbate-atom-position: 22 1    12.855069582238    16.285285800279     1.984600761289
Adsorbate-atom-position: 22 2    13.573663741619    15.156260859768     1.276914171617
Adsorbate-atom-position: 22 3    13.332889573540    15.995105594143     1.313444549382
Adsorbate-atom-position: 23 0    16.126174833152    13.231720781573    22.835089214509
Adsorbate-atom-position: 23 1    15.235140817867    13.342826258049    22.503508460265
Adsorbate-atom-position: 23 2    16.033638582123    12.632484402128    23.575754215490
Adsorbate-atom-position: 23 3    16.000265972413    13.169234136756    22.887456933641
Adsorbate-atom-position: 24 0    16.317441608321    12.976555820021    25.795222599742
Adsorbate-atom-position: 24 1    16.432059564495    12.396696487882    26.548122140808
Adsorbate-atom-position: 24 2    15.397513603201    13.238507293820    25.831906801424
Adsorbate-atom-position: 24 3    16.214352206093    12.935859778635    25.896298845041
Adsorbate-atom-position: 25 0    13.621440415334    13.902778671835    21.845559688799
Adsorbate-atom-position: 25 1    13.340337316799    13.763890822905    20.941168704050
Adsorbate-atom-position: 25 2    13.609612169169    14.853365977038    21.957254396204
Adsorbate-atom-position: 25 3    13.583941669033    14.006685995289    21.744085001519
Adsorbate-atom-position: 26 0    15.961716300244    13.033555203991    13.320771321598
Adsorbate-atom-position: 26 1    15.067645297227    13.346583175832    13.183358184340
Adsorbate-atom-position: 26 2    15.922383110561    12.549437343069    14.145583201245
Adsorbate-atom-position: 26 3    15.842229302175    13.011653634011    13.408766654002
Adsorbate-atom-position: 27 0    16.211332768145    17.727388988178    19.289679899197
Adsorbate-atom-position: 27 1    16.158852791752    17.849609887141    20.237593262230
Adsorbate-atom-position: 27 2    16.700825128032    16.912220426165    19.179546866012
Adsorbate-atom-position: 27 3    16.267275625731    17.638683326982    19.396925889131
Adsorbate-atom-position: 28 0    13.635137484315    14.009777026019    18.826002710451
Adsorbate-atom-position: 28 1    13.344638123196    13.816987443363    17.934557738571
Adsorbate-atom-position: 28 2    13.647649077934    14.965747060813    18.872870529712
Adsorbate-atom-position: 28 3    13.599551696188    14.107473331568    18.717886645200
Adsorbate-atom-position: 29 0    17.686270819653    15.718915503658     3.913197515034
Adsorbate-atom-position: 29 1    18.095413966569    15.866912347971     3.060595228334
Adsorbate-atom-position: 29 2    18.391339774157    15.374110028378     4.461119766355
Adsorbate-atom-position: 29 3    17.828903411462    15.693721624423     3.874194794580
Adsorbate-atom-position: 30 0    17.598385304593    15.912716612893     7.383017389129
Adsorbate-atom-position: 30 1    17.058866258405    16.701410880169     7.438806200271
Adsorbate-atom-position: 30 2    18.225007274204    15.999290980156     8.101405603130
Adsorbate-atom-position: 30 3    17.609535529677    16.024761558118     7.482121388695
Adsorbate-atom-position: 31 0    15.778691120086    17.846398430793     7.235134978784
Adsorbate-atom-position: 31 1    15.630742430917    18.105478194457     8.144651719320
Adsorbate-atom-position: 31 2    14.993432876120    17.354561190303     6.994932024947
Adsorbate-atom-position: 31 3    15.659229373622    17.816602665569     7.320815218667
Adsorbate-atom-position: 32 0    13.610836525463    13.996340892831     9.562742718601
Adsorbate-atom-position: 32 1    13.491455122241    13.882372753753     8.619879428552
Adsorbate-atom-position: 32 2    13.505387890906    14.936860260592     9.706045699097
Adsorbate-atom-position: 32 3    13.582055568081    14.102149422338     9.460389352385
Adsorbate-atom-position: 33 0    17.613096817548    15.814725011821     0.688801442260
Adsorbate-atom-position: 33 1    16.807663875817    16.276666739437     0.921437330601
Adsorbate-atom-position: 33 2    17.593289079275    15.764179864923    -0.266857849283
Adsorbate-atom-position: 33 3    17.507456054083    15.867388737600     0.596245723465
Adsorbate-atom-position: 34 0    16.071585630214    13.107938029084    10.336188979194
Adsorbate-atom-position: 34 1    15.179152503488    13.351700968387    10.090476578966
Adsorbate-atom-position: 34 2    15.978464060782    12.685192421257    11.189913972533
Adsorbate-atom-position: 34 3    15.945422738514    13.085026088110    10.414021926707
Adsorbate-atom-position: 35 0    17.810241030331    15.346818833885    13.422986283842
Adsorbate-atom-position: 35 1    17.602568842260    14.412475747823    13.412637384752
Adsorbate-atom-position: 35 2    18.134561903678    15.510783304325    14.308516330440
Adsorbate-atom-position: 35 3    17.825173469398    15.248201076565    13.535020029673
Adsorbate-atom-position: 36 0    15.626545567532    17.617818738817     1.211131142608
Adsorbate-atom-position: 36 1    15.691971964208    18.284032934246     1.895316696613
Adsorbate-atom-position: 36 2    14.795407544811    17.176014848938     1.385058569882
Adsorbate-atom-position: 36 3    15.528525241184    17.646545965409     1.320979957236
Adsorbate-atom-position: 37 0    16.557404899530    13.302651753582     1.265485481567
Adsorbate-atom-position: 37 1    16.720001860113    12.795038865617     2.060547255433
Adsorbate-atom-position: 37 2    16.843540719794    14.189499199601     1.484254171589
Adsorbate-atom-position: 37 3    16.614848109382    13.351198352430     1.395268012680
Adsorbate-atom-position: 38 0    13.855646686621    13.828603571614    28.763949590901
Adsorbate-atom-position: 38 1    14.681253560724    13.352870642728    28.854962280620
Adsorbate-atom-position: 38 2    13.651913671939    13.779226929347    27.829986719150
Adsorbate-atom-position: 38 3    13.935254043456    13.761383211126    28.656041797514
Adsorbate-atom-position: 39 0    15.982610104798    17.325827455949    13.125737115262
Adsorbate-atom-position: 39 1    16.099880806666    17.904768181007    13.878935003758
Adsorbate-atom-position: 39 2    16.561671233426    16.584018467073    13.300778462423
Adsorbate-atom-position: 39 3    16.071748980256    17.304978353196    13.244562936515
Adsorbate-atom-position: 40 0    13.492528864742    16.585539179481    26.170702097063
Adsorbate-atom-position: 40 1    13.446284239133    16.705360557215    27.119246303688
Adsorbate-atom-position: 40 2    14.229569655127    17.130801013444    25.895579859478
Adsorbate-atom-position: 40 3    13.580959108201    16.670677854723    26.256908233851
Adsorbate-atom-position: 41 0    17.770358491464    15.393740323394    16.692663819348
Adsorbate-atom-position: 41 1    17.944373704692    15.348073151007    17.632804795380
Adsorbate-atom-position: 41 2    17.158993621807    14.676177362403    16.526626976919
Adsorbate-atom-position: 41 3    17.714372458873    15.296037658047    16.791758487917
Adsorbate-atom-position: 42 0    15.745263709597    17.771014942140    10.142851356367
Adsorbate-atom-position: 42 1    16.524172543722    17.226746091248    10.027507149951
Adsorbate-atom-position: 42 2    15.787010198448    18.059609075063    11.054554431383
Adsorbate-atom-position: 42 3    15.850317492040    17.738285493557    10.244794899516
Adsorbate-atom-position: 43 0    17.547128930108    15.627586461341    10.297245427110
Adsorbate-atom-position: 43 1    17.667047099323    15.700474274289    11.244102776080
Adsorbate-atom-position: 43 2    16.988825663691    14.858279957117    10.184565326168
Adsorbate-atom-position: 43 3    17.491010348606    15.538436466655    10.404030179100
Adsorbate-atom-position: 44 0    13.566916254816    16.759308826665     3.957266768827
Adsorbate-atom-position: 44 1    14.014935995242    15.922997815932     3.830404460014
Adsorbate-atom-position: 44 2    14.271324829146    17.386670547523     4.119924911865
Adsorbate-atom-position: 44 3    13.714440983006    16.732560796615     3.961849067480
Adsorbate-atom-position: 45 0    16.478639175507    13.502862927812     7.100469612240
Adsorbate-atom-position: 45 1    16.959965267553    14.317548620223     7.244845010348
Adsorbate-atom-position: 45 2    16.703769074667    12.954673499268     7.852158855756
Adsorbate-atom-position: 45 3    16.569074065683    13.536977664830     7.215176697273
Adsorbate-atom-position: 46 0    13.681962386069    13.886139189710    12.647011972659
Adsorbate-atom-position: 46 1    13.556950265560    13.678507331284    11.721002890103
Adsorbate-atom-position: 46 2    13.777638558892    14.838299261986    12.668670841475
Adsorbate-atom-position: 46 3    13.678207030831    13.981447783721    12.531244234430
Adsorbate-atom-position: 47 0    17.647870264986    15.400730678819    19.461618782922
Adsorbate-atom-position: 47 1    17.155500139653    14.586956855842    19.569209045491
Adsorbate-atom-position: 47 2    18.307953961891    15.375221055736    20.154345721977
Adsorbate-atom-position: 47 3    17.669339625590    15.293292271875    19.564069040455
Adsorbate-atom-position: 48 0    17.652416800881    15.447041138940    28.214103055335
Adsorbate-atom-position: 48 1    17.990062163794    15.352321048271    27.323454104732
Adsorbate-atom-position: 48 2    17.166565470590    16.271653369586    28.200139037111
Adsorbate-atom-position: 48 3    17.633444648971    15.540476138913    28.098301681284
Adsorbate-atom-position: 49 0    13.622513745876    16.808272044307    18.732683920669
Adsorbate-atom-position: 49 1    13.273168463800    16.847906614415    17.842392499490
Adsorbate-atom-position: 49 2    14.404275421136    17.360083917561    18.708514114854
Adsorbate-atom-position: 49 3    13.677868261252    16.883984324783    18.615621850755
Adsorbate-atom-position: 50 0    14.180310409233    17.602841624873    21.332577460292
Adsorbate-atom-position: 50 1    13.824552024437    17.068328116577    20.622673860513
Adsorbate-atom-position: 50 2    14.152327600627    18.498427890744    20.995866838708
Adsorbate-atom-position: 50 3    14.131186906689    17.649063294140    21.198598212690
Adsorbate-atom-velocity: 0 0    -0.537742113461     2.398304009813    -3.865350444043
Adsorbate-atom-velocity: 0 1   -20.430866428631     9.715439781509     4.203370402847
Adsorbate-atom-velocity: 0 2   -14.352107441206     8.035227177199     0.105367471086
Adsorbate-atom-velocity: 0 3    -4.852707464333     4.056579843090    -2.324157028206
Adsorbate-atom-velocity: 1 0     3.945288947239    -1.355483372445     0.431827178327
Adsorbate-atom-velocity: 1 1    11.301396116095   -21.188609265782    -3.360291634500
Adsorbate-atom-velocity: 1 2     6.552268133357   -17.289722965116    -0.695380841999
Adsorbate-atom-velocity: 1 3     5.220684204047    -5.934137683372    -0.197906007370
Adsorbate-atom-velocity: 2 0    -1.719335001084     1.153009301490    -3.995598529712
Adsorbate-atom-velocity: 2 1     6.639040750330   -20.748705807173     4.852744833883
Adsorbate-atom-velocity: 2 2    -2.632209998808    11.466137705165    13.546564965848
Adsorbate-atom-velocity: 2 3    -0.766221075591    -0.330469611575    -0.617295253629
Adsorbate-atom-velocity: 3 0    11.078819738788    -7.769381726615     0.107936587705
Adsorbate-atom-velocity: 3 1    -4.055910472711    -0.421145018166     3.507779124494
Adsorbate-atom-velocity: 3 2   -26.101546516073    14.435316211351    12.173610696230
Adsorbate-atom-velocity: 3 3     4.381856216104    -3.986249539474     2.087709307798
Adsorbate-atom-velocity: 4 0    -1.184923499388    -2.360501295612    -2.748346134774
Adsorbate-atom-velocity: 4 1    -1.528331248695    -2.194520463386    -4.906398662298
Adsorbate-atom-velocity: 4 2    -2.300033110209    -5.190663080364    -2.651981879823
Adsorbate-atom-velocity: 4 3    -1.371631318311    -2.701548600540    -3.012267107670
Adsorbate-atom-velocity: 5 0    -2.077491007551     1.931946425389     3.110055733476
Adsorbate-atom-velocity: 5 1     0.570668638778     0.438425083305     3.640940233729
Adsorbate-atom-velocity: 5 2   -11.333651208922     7.584088888662    -2.085672669331
Adsorbate-atom-velocity: 5 3    -2.923394803283     2.464300102136     2.512899433200
Adsorbate-atom-velocity: 6 0     6.929611639900    -8.535369998135     1.681837290124
Adsorbate-atom-velocity: 6 1    -3.163556549098   -17.847311321492    -4.124292746198
Adsorbate-atom-velocity: 6 2   -21.373010142948    -9.372763053685    -2.250099774162
Adsorbate-atom-velocity: 6 3     2.014487283178    -9.834607249065     0.435247212704
Adsorbate-atom-velocity: 7 0     1.543099503384     1.701582340348    -5.432748612899
Adsorbate-atom-velocity: 7 1   -17.633991606642     4.142679676638   -19.081856093339
Adsorbate-atom-velocity: 7 2   -31.681487389685     1.270047353120   -24.717446254441
Adsorbate-atom-velocity: 7 3    -5.164947500597     1.958830566142    -9.648673010686
Adsorbate-atom-velocity: 8 0     3.692872507733     3.078032031646    -0.339469584106
Adsorbate-atom-velocity: 8 1    11.796605193500     2.907751795107     1.169003790882
Adsorbate-atom-velocity: 8 2     8.907651056320     6.312224886232    -0.627678838013
Adsorbate-atom-velocity: 8 3     5.397802631876     3.470249812472    -0.183261054276
Adsorbate-atom-velocity: 9 0    -2.565722830599     1.038968666479    -2.663028044844
Adsorbate-atom-velocity: 9 1    -9.097903979266    -3.125704103910    -1.446081526784
Adsorbate-atom-velocity: 9 2     0.630000997555    -3.159686589673    -8.590089515341
Adsorbate-atom-velocity: 9 3    -2.992829621558    -0.031638223408    -3.265979585694
Adsorbate-atom-velocity: 10 0     0.341080615235     4.334421652630     3.407505465968
Adsorbate-atom-velocity: 10 1    11.336488330858    16.404027875539    -2.152780571242
Adsorbate-atom-velocity: 10 2    11.989487902542    15.195302770908    -0.894698476818
Adsorbate-atom-velocity: 10 3     3.239762130360     7.269800685717     2.144987758840
Adsorbate-atom-velocity: 11 0     3.708650736571     4.827820551144     0.100110384181
Adsorbate-atom-velocity: 11 1    11.436713406403     0.056128384086    -3.251948845128
Adsorbate-atom-velocity: 11 2    19.243097138068    -4.750999582370    -6.630539084037
Adsorbate-atom-velocity: 11 3     6.686532556916     2.990781839564    -1.190597975701
Adsorbate-atom-velocity: 12 0     1.103612053900    -4.726586759116     1.054905633551
Adsorbate-atom-velocity: 12 1     2.361905099661    24.226460347384     7.495633911498
Adsorbate-atom-velocity: 12 2    12.928442765060    31.461124184744     4.087808265494
Adsorbate-atom-velocity: 12 3     2.778409741011     3.612216186296     2.267644688170
Adsorbate-atom-velocity: 13 0    -1.005842751623     0.259721363740    -2.892016130217
Adsorbate-atom-velocity: 13 1    -8.242951032269    -9.709828502326     2.074622101571
Adsorbate-atom-velocity: 13 2    -1.771262375864    -5.639296656272    -7.975049373215
Adsorbate-atom-velocity: 13 3    -2.030262872931    -1.771646777932    -2.906916095943
Adsorbate-atom-velocity: 14 0    -0.892044829634     1.587813286475    -0.450333185006
Adsorbate-atom-velocity: 14 1    -1.349942474801    -0.729119797582     8.255464479739
Adsorbate-atom-velocity: 14 2     6.911468172905     5.598798838245    -3.732324826079
Adsorbate-atom-velocity: 14 3     0.048282560025     1.804672440870     0.243979423555
Adsorbate-atom-velocity: 15 0     7.457447014302     0.621403047908    -2.461754163382
Adsorbate-atom-velocity: 15 1    -0.488470902222    -6.005021421417    29.057475974409
Adsorbate-atom-velocity: 15 2    25.435606894562    -2.496067740074    21.817068208033
Adsorbate-atom-velocity: 15 3     8.741695023384    -0.625933103885     4.681069754208
Adsorbate-atom-velocity: 16 0     2.794706015814     0.229985901850    -6.355618089492
Adsorbate-atom-velocity: 16 1     9.842387346403    -1.674302189777    -4.916109121412
Adsorbate-atom-velocity: 16 2     0.512799517694    13.628850436623    -0.030982187198
Adsorbate-atom-velocity: 16 3     3.404782692837     1.701430367176    -5.361713872663
Adsorbate-atom-velocity: 17 0     2.459497568722    -1.095602455417    -3.449280790901
Adsorbate-atom-velocity: 17 1   -33.711139948279     7.513602521251     0.471299001800
Adsorbate-atom-velocity: 17 2   -17.120194484282    13.232622207829     4.530035898753
Adsorbate-atom-velocity: 17 3    -4.677217236879     1.840665275665    -1.925950470421
Adsorbate-atom-velocity: 18 0    -4.835196269323    -5.325060575127     3.061993416308
Adsorbate-atom-velocity: 18 1    -5.441658343689    -3.470556381811   -14.231484070858
Adsorbate-atom-velocity: 18 2     9.402389249290   -11.081566296181    -3.718854745317
Adsorbate-atom-velocity: 18 3    -3.090248010688    -5.824563847830    -0.019810720416
Adsorbate-atom-velocity: 19 0     3.090095355689     6.667142822252     4.624134589681
Adsorbate-atom-velocity: 19 1    25.056606696690   -49.536699860373    -1.303220780541
Adsorbate-atom-velocity: 19 2    17.285025847163   -10.997554514775    -0.502978458072
Adsorbate-atom-velocity: 19 3     7.719196193445    -2.788921514810     3.209029261424
Adsorbate-atom-velocity: 20 0     0.487157278155    -2.098233689486    -0.028508304184
Adsorbate-atom-velocity: 20 1     3.836944027627    -0.215181261105     4.542798217690
Adsorbate-atom-velocity: 20 2    -1.670759096385     3.921710465761    -2.311236736618
Adsorbate-atom-velocity: 20 3     0.639731065911    -1.086554778133     0.264457302668
Adsorbate-atom-velocity: 21 0     0.623386350854     0.904649099870    -0.648772832972
Adsorbate-atom-velocity: 21 1     2.852336153416     5.872475497480     0.967726021434
Adsorbate-atom-velocity: 21 2    -5.617313084997   -10.440436667418    -6.154444245179
Adsorbate-atom-velocity: 21 3     0.109833996543     0.088282959727    -1.146633842743
Adsorbate-atom-velocity: 22 0    -1.472062392428     2.221970636798     2.348284938770
Adsorbate-atom-velocity: 22 1   -15.229603719654    -3.594325440967    -5.335518433370
Adsorbate-atom-velocity: 22 2    -3.280773820592     1.542682963312    -1.397972054049
Adsorbate-atom-velocity: 22 3    -3.464730549979     1.390457548246     0.885099309830
Adsorbate-atom-velocity: 23 0     2.047452662055     4.923768851100     3.377284628784
Adsorbate-atom-velocity: 23 1     8.437610334531    -7.814816991019   -18.062966072856
Adsorbate-atom-velocity: 23 2    -6.416547691346    -1.092966724787    -2.548030727247
Adsorbate-atom-velocity: 23 3     1.781975778248     2.522861429026    -0.125837988674
Adsorbate-atom-velocity: 24 0    -5.647635445108    -0.799013711843     7.287769867879
Adsorbate-atom-velocity: 24 1    -8.968710853703     0.651038686597     8.910139419640
Adsorbate-atom-velocity: 24 2    -7.328882331219    -5.574092062498    -0.775300037831
Adsorbate-atom-velocity: 24 3    -6.287993051213    -1.224657149742     6.463282516342
Adsorbate-atom-velocity: 25 0    -0.339789176644    -1.938601634921    -1.775650176001
Adsorbate-atom-velocity: 25 1    31.450575307888    -5.101868735123   -11.170956785977
Adsorbate-atom-velocity: 25 2     6.925638161036    -0.989865054618    -9.080559290582
Adsorbate-atom-velocity: 25 3     4.659823379763    -2.222088259497    -3.913479274725
Adsorbate-atom-velocity: 26 0    -0.117896684907     7.555547531499     5.494735179705
Adsorbate-atom-velocity: 26 1    -3.588063031485    -5.104712785510    -0.766969640223
Adsorbate-atom-velocity: 26 2     1.666076723903     9.732495927221     6.857553772515
Adsorbate-atom-velocity: 26 3    -0.333749724645     6.213557125748     4.867618638194
Adsorbate-atom-velocity: 27 0     3.783131210581    -4.793943253762    -4.368035619850
Adsorbate-atom-velocity: 27 1   -15.733893538835   -10.471689038129    -4.716499748672
Adsorbate-atom-velocity: 27 2     0.817493670406    -7.292591809454     0.945200700666
Adsorbate-atom-velocity: 27 3     0.905079187051    -5.840620376448    -3.732484879968
Adsorbate-atom-velocity: 28 0     4.587147778857     5.348979914860     1.869757356094
Adsorbate-atom-velocity: 28 1   -22.487658409102     5.668363690200    10.623679674829
Adsorbate-atom-velocity: 28 2    -2.885489271827     5.306215364814     4.736889400152
Adsorbate-atom-velocity: 28 3     0.164658233799     5.384390513074     3.357392521075
Adsorbate-atom-velocity: 29 0    -5.910338616824    -0.059116177010    -1.531292493603
Adsorbate-atom-velocity: 29 1    -5.040926382394     3.407281055658    -0.512376731023
Adsorbate-atom-velocity: 29 2    -8.405202270457    -9.792676136268    -4.446183896847
Adsorbate-atom-velocity: 29 3    -6.118416009347    -0.861388618536    -1.774000250313
Adsorbate-atom-velocity: 30 0    -0.460143809244    -6.153851110982     2.255019046214
Adsorbate-atom-velocity: 30 1    -0.107851100496    -5.453629442920    -4.237182200036
Adsorbate-atom-velocity: 30 2    -0.746926995294    -0.765077808585     1.855757214663
Adsorbate-atom-velocity: 30 3    -0.451757799974    -5.374386291813     1.372828627629
Adsorbate-atom-velocity: 31 0     0.739964735002     1.739286856433    -6.387444948389
Adsorbate-atom-velocity: 31 1     6.542368404760    -1.936272379295    -4.396584357927
Adsorbate-atom-velocity: 31 2    -2.562138391011     6.155352973653    -4.634685781645
Adsorbate-atom-velocity: 31 3     1.060033370409     1.834080671386    -5.908216453170
Adsorbate-atom-velocity: 32 0    -0.283013587098    -0.267472594890    -3.839139241865
Adsorbate-atom-velocity: 32 1     6.936858644871    -8.963762190761    -3.702129491502
Adsorbate-atom-velocity: 32 2   -24.001270467575    -1.974125672760   -10.091050578364
Adsorbate-atom-velocity: 32 3    -2.395005873021    -1.599174767310    -4.621920420401
Adsorbate-atom-velocity: 33 0    -1.487136498215    -0.259003451906     2.417499655657
Adsorbate-atom-velocity: 33 1    -2.355366395186     0.503224183490    -2.102033930679
Adsorbate-atom-velocity: 33 2    -0.196391659069    -7.491435470683     2.773272477492
Adsorbate-atom-velocity: 33 3    -1.433049488028    -1.087267675173     1.884488042557
Adsorbate-atom-velocity: 34 0     1.178169120801    -1.263452395999    -0.785930685133
Adsorbate-atom-velocity: 34 1     0.204705464645   -11.209653555402    -7.117577006814
Adsorbate-atom-velocity: 34 2     0.382866408471     1.841196069421     0.664673052043
Adsorbate-atom-velocity: 34 3     0.951745685693    -2.139253683293    -1.410763025108
Adsorbate-atom-velocity: 35 0     4.951728905738    -3.981070907080    -2.632693098354
Adsorbate-atom-velocity: 35 1     7.764924739887    -4.651894795600     1.479544104795
Adsorbate-atom-velocity: 35 2   -15.169359707077     5.184498510434     3.039459207563
Adsorbate-atom-velocity: 35 3     2.736109812542    -2.893640991344    -1.380173193778
Adsorbate-atom-velocity: 36 0     0.604749403704    -5.207261710416     3.233985151309
Adsorbate-atom-velocity: 36 1   -15.643834017453     9.546513543494    -9.578457605902
Adsorbate-atom-velocity: 36 2    -8.136256881942     4.938646739155   -12.763956663205
Adsorbate-atom-velocity: 36 3    -2.594219574990    -2.019801784851    -0.454091667500
Adsorbate-atom-velocity: 37 0    -6.862795204717    -1.403898739066    -2.832280098630
Adsorbate-atom-velocity: 37 1    -6.836552554862    -1.226725755335    -2.724529584578
Adsorbate-atom-velocity: 37 2    -4.504959267270    -1.907915948937    -3.872990927327
Adsorbate-atom-velocity: 37 3    -6.557604381937    -1.445738743346    -2.951710274952
Adsorbate-atom-velocity: 38 0     6.259144906877    -0.449809436042    -3.893276350330
Adsorbate-atom-velocity: 38 1     6.766064915997     0.593849611215    -3.036403189013
Adsorbate-atom-velocity: 38 2     7.994642678460     0.472658594639    -4.320623709635
Adsorbate-atom-velocity: 38 3     6.546201437292    -0.198121448992    -3.838291865499
Adsorbate-atom-velocity: 39 0     4.480548329500     1.092152386964    -5.605194837556
Adsorbate-atom-velocity: 39 1    -1.878112658524    -9.160624397066     3.265561127448
Adsorbate-atom-velocity: 39 2   -10.719827097844    -9.931211562910    -2.036231875362
Adsorbate-atom-velocity: 39 3     1.720731561299    -1.631450320909    -4.012760731247
Adsorbate-atom-velocity: 40 0    -8.272783519462    -2.513244582267    -3.624448956713
Adsorbate-atom-velocity: 40 1    -3.390186461527    -3.350322222059    -3.280665644626
Adsorbate-atom-velocity: 40 2    -4.588955576834    -8.633226460231    -5.884757282131
Adsorbate-atom-velocity: 40 3    -7.176177766561    -3.403832136579    -3.869787281050
Adsorbate-atom-velocity: 41 0     3.672098109291    -3.884591819260    -2.931228520499
Adsorbate-atom-velocity: 41 1    17.420136665617    -7.340031583409    -5.643766415602
Adsorbate-atom-velocity: 41 2   -14.112679733477     9.013820989296     6.810977348131
Adsorbate-atom-velocity: 41 3     3.155346777880    -2.675777341307    -2.031346207837
Adsorbate-atom-velocity: 42 0     0.054319662366    -6.461998794461    -1.090357878559
Adsorbate-atom-velocity: 42 1    -4.080348498938    -9.875389691511   -12.904797963446
Adsorbate-atom-velocity: 42 2     9.564491413423   -15.267717914883     1.261572979308
Adsorbate-atom-velocity: 42 3     0.742448976622    -8.026192298707    -2.301673223589
Adsorbate-atom-velocity: 43 0     2.841792559285    -3.171535857113     0.216897065757
Adsorbate-atom-velocity: 43 1     2.874305192263    -0.898699519534     0.037819483012
Adsorbate-atom-velocity: 43 2    10.479391599742    -8.907473458466     1.535653540351
Adsorbate-atom-velocity: 43 3     3.823659392407    -3.614854600753     0.362789713995
Adsorbate-atom-velocity: 44 0     1.547182925606     5.497559594416    -6.307209183810
Adsorbate-atom-velocity: 44 1     7.614045405206     7.309489538079     3.173441152723
Adsorbate-atom-velocity: 44 2    -4.898816929755     7.004950130983    15.793980342076
Adsorbate-atom-velocity: 44 3     1.498648767265     5.922472663065    -2.264352650536
Adsorbate-atom-velocity: 45 0    -3.214843020001     5.791880992929    -4.128220809275
Adsorbate-atom-velocity: 45 1    -9.323856821954     8.201513615097     2.641177101375
Adsorbate-atom-velocity: 45 2    18.193460292156    -7.002920891892   -19.870928851871
Adsorbate-atom-velocity: 45 3    -1.256349378712     4.462454031562    -5.276912768010
Adsorbate-atom-velocity: 46 0    -3.306578714420     5.514764441272    -1.757541027639
Adsorbate-atom-velocity: 46 1     2.993183560423     8.438002213414    -3.263470027904
Adsorbate-atom-velocity: 46 2    -1.859041952650     5.290233389119     1.718851303781
Adsorbate-atom-velocity: 46 3    -2.314830967555     5.860231460984    -1.505297947861
Adsorbate-atom-velocity: 47 0     1.816816537572     3.081326490390     4.085855585370
Adsorbate-atom-velocity: 47 1     0.559883581490     2.840853073415    -3.485156786218
Adsorbate-atom-velocity: 47 2    10.100433492223   -10.497180276439    -4.307441636126
Adsorbate-atom-velocity: 47 3     2.716316865438     1.312330302624     2.042231350089
Adsorbate-atom-velocity: 48 0     3.809474408418     0.555846935738    -2.243576738154
Adsorbate-atom-velocity: 48 1   -14.931783835230   -17.565005693502    -7.421250987881
Adsorbate-atom-velocity: 48 2    23.561126721735    12.189515482006    -2.465660475113
Adsorbate-atom-velocity: 48 3     3.938817039612    -0.274590893934    -2.934810907844
Adsorbate-atom-velocity: 49 0    -0.673305349897    -1.137755858360    -0.650821346850
Adsorbate-atom-velocity: 49 1     8.015102558640     0.067447382943    -4.006449097682
Adsorbate-atom-velocity: 49 2   -11.872172888412    15.323330980583    12.943732080143
Adsorbate-atom-velocity: 49 3    -0.994674470910     1.123742413456     0.659884671036
Adsorbate-atom-velocity: 50 0     1.270559146802     4.163515725684    -0.484528933653
Adsorbate-atom-velocity: 50 1     4.365725354982    -8.825654657906     7.744413281193
Adsorbate-atom-velocity: 50 2     8.755582673315    -2.734331830137   -19.453545966037
Adsorbate-atom-velocity: 50 3     2.624951081487     1.617737495096    -1.859388087935
Adsorbate-atom-force:    0 0   487.373091380457  -602.563635526854 -3140.146062320366
Adsorbate-atom-force:    0 1 -2562.760098430523   793.150316320276 -7383.963133583238
Adsorbate-atom-force:    0 2 -1921.746265611177 10008.930494917888 -2953.098298769609
Adsorbate-atom-force:    0 3  5647.238994153764 -8413.050829195685 13150.323867878398
Adsorbate-atom-force:    1 0 -2240.350284894675  -953.085415350307  -802.079854441781
Adsorbate-atom-force:    1 1 10823.894459037630  6714.884996119323 -2370.788216914956
Adsorbate-atom-force:    1 2   528.046022705340  4537.031490165359 -6413.888690780628
Adsorbate-atom-force:    1 3 -6967.556460182166 -12523.128131635225  8259.938781807770
Adsorbate-atom-force:    2 0 -5150.110974175799  -981.812369756723  -339.647356683951
Adsorbate-atom-force:    2 1   775.327073212628 -3535.333616471338 -8334.104166773237
Adsorbate-atom-force:    2 2 11189.937776779288 -3456.129070201696 -1990.753006138135
Adsorbate-atom-force:    2 3 -6375.365434313660  8076.920050089798  8539.686604520581
Adsorbate-atom-force:    3 0  3303.918396085262 -1223.112546796782 -3158.201481680020
Adsorbate-atom-force:    3 1  4647.456969659421   179.248491902913  8931.812172099615
Adsorbate-atom-force:    3 2  2555.945574094743  5807.917039596017  2482.374353325954
Adsorbate-atom-force:    3 3 -11006.640341727356 -3941.054881135909 -12411.362053614013
Adsorbate-atom-force:    4 0 -3115.276621301424  3030.915763781796   228.852778091387
Adsorbate-atom-force:    4 1  8747.810827654233  4761.906961185557 -1584.970184580208
Adsorbate-atom-force:    4 2 -2687.585216626524  3554.484969387292 -7195.571841061510
Adsorbate-atom-force:    4 3  -702.829182504651 -10474.615752211328  8198.447987312637
Adsorbate-atom-force:    5 0  6986.170053029758 -2488.036736608374 -4557.573189716507
Adsorbate-atom-force:    5 1 -2560.029360563495 -13296.774229589626 -1817.915498723898
Adsorbate-atom-force:    5 2  2202.026818654595 -2506.622452466122 -8037.430009874837
Adsorbate-atom-force:    5 3 -2591.044143820052 16098.967812902811 12366.712439542523
Adsorbate-atom-force:    6 0 -2291.451679830370 -1818.871075770413  2339.876490884896
Adsorbate-atom-force:    6 1 -2364.948975099067  4048.432925462526  5397.862318030372
Adsorbate-atom-force:    6 2 -1562.460935075815  2509.056229435204   676.603265991671
Adsorbate-atom-force:    6 3  4464.268524227524 -7884.670550412711 -6676.142149417624
Adsorbate-atom-force:    7 0 -1733.107548019826  7753.948568069271  2386.643749240937
Adsorbate-atom-force:    7 1 -2970.691475893461 -1618.526462846743  6874.364858072575
Adsorbate-atom-force:    7 2  2561.681252359394 -11603.752120950679  4284.812687679641
Adsorbate-atom-force:    7 3  6112.016549969732 10493.092302496345 -12971.164955734948
Adsorbate-atom-force:    8 0 -6607.743877868848 -3553.821746497013 -2191.632876886885
Adsorbate-atom-force:    8 1 -2683.791939440759 12838.608223751960  -613.180532545068
Adsorbate-atom-force:    8 2 -1811.313895211212  3761.449993845707 -5732.755479141043
Adsorbate-atom-force:    8 3  8143.856528438005 -13550.359382431561  8295.832561415340
Adsorbate-atom-force:    9 0  1068.063134092805  1654.763081725732 -9166.186894555278
Adsorbate-atom-force:    9 1 -3302.278872529760  1440.157272576106  9428.953614991500
Adsorbate-atom-force:    9 2 -8740.581124466622 -1604.814455429169  2812.386723228769
Adsorbate-atom-force:    9 3 10605.673794137212 -2485.060532038349 -10871.765794403305
Adsorbate-atom-force:    10 0  7082.272012447079  -806.133790402890 -2656.819427925543
Adsorbate-atom-force:    10 1  3199.734307906418  1353.088966202283  8696.307781548621
Adsorbate-atom-force:    10 2  7331.954716417272 -5711.900917757366  2180.079132094962
Adsorbate-atom-force:    10 3 -14088.317533896272  1719.130620606519 -12199.467262586471
Adsorbate-atom-force:    11 0 -3726.895899423253 -4087.800667095252  2293.558372301522
Adsorbate-atom-force:    11 1  3612.488090296605   678.748533290117  5952.450735949554
Adsorbate-atom-force:    11 2  6219.397661627426 10369.980543749973 -2585.032913345727
Adsorbate-atom-force:    11 3 -11586.624890242452 -8171.982648201020 -7070.308116483596
Adsorbate-atom-force:    12 0  5660.960702437040 -4993.127393983464  2655.364348040919
Adsorbate-atom-force:    12 1 -2531.783222875352 -2154.532109164884  4525.566242908518
Adsorbate-atom-force:    12 2 -13082.764262035394  2405.076050497818 -1060.498384417015
Adsorbate-atom-force:    12 3 13808.486477725110  3768.029577113723 -5268.607745296527
Adsorbate-atom-force:    13 0   631.884905625678 -9137.220484933867 -3776.848218192869
Adsorbate-atom-force:    13 1  1898.683794983054 -1074.483366788029 -8419.734699873028
Adsorbate-atom-force:    13 2 11759.540216887755 -2848.670060970087 -2975.181263365253
Adsorbate-atom-force:    13 3 -9971.095394918460  9779.685575238504 12681.889837908297
Adsorbate-atom-force:    14 0  -895.442465365755 -5208.422350425104  -261.407111736302
Adsorbate-atom-force:    14 1 10114.562700478322 -1676.490221433478 -1788.304637480480
Adsorbate-atom-force:    14 2  -414.026739295695 -1272.411074349262 -8664.881187938519
Adsorbate-atom-force:    14 3 -8052.672543139440  8068.798252634973 13487.481905365732
Adsorbate-atom-force:    15 0 -4531.229188270299  -845.169389254560  -479.910626492740
Adsorbate-atom-force:    15 1 -6818.898622357139  5781.639350058576  2434.776727124358
Adsorbate-atom-force:    15 2 -8036.799984894797 -4997.648295315351   419.071982513723
Adsorbate-atom-force:    15 3 11149.047902213848  -815.814138962327  -603.087367269045
Adsorbate-atom-force:    16 0  4494.746178656027  1223.232262807834  4623.091483750719
Adsorbate-atom-force:    16 1 -1592.657509524333  1950.463875268281  5909.508282815826
Adsorbate-atom-force:    16 2 -8738.933837797662 -1584.836446072022 -2798.888137046858
Adsorbate-atom-force:    16 3  8644.742902761433 -3584.525449478421 -7908.128353092155
Adsorbate-atom-force:    17 0 -8858.262316345563   337.101532529744  3219.268058857107
Adsorbate-atom-force:    17 1 -1330.522377651469 -11119.025387664355 -5565.769193956598
Adsorbate-atom-force:    17 2 -3596.399087105885 -1762.619250701534 -12513.429194583035
Adsorbate-atom-force:    17 3 10287.186431198365 12627.270057036729 15701.106756829267
Adsorbate-atom-force:    18 0   -62.863075606278  8404.799796814459  2450.519973261791
Adsorbate-atom-force:    18 1 10134.649410302800 -10497.792670199711  -419.914436080665
Adsorbate-atom-force:    18 2  3325.313836002995  1204.777175467106  3542.389410642016
Adsorbate-atom-force:    18 3 -13516.609586755862  4631.701843600873 -7415.826046994344
Adsorbate-atom-force:    19 0 -5517.608682198596  1197.851994208650 -6074.746438149642
Adsorbate-atom-force:    19 1 11543.500172080239  5975.397244625030   687.867706286984
Adsorbate-atom-force:    19 2  -699.864330008589  3367.321832048374 -6698.011826779592
Adsorbate-atom-force:    19 3 -7881.905843626330 -10476.193991322578  7993.841673142605
Adsorbate-atom-force:    20 0  1230.256820269310  5950.596411485431 -3407.836554903767
Adsorbate-atom-force:    20 1  9368.409276517492 -8645.463263384780  4500.073272060446
Adsorbate-atom-force:    20 2  3415.926029056830  1649.011676236806  8379.895622077158
Adsorbate-atom-force:    20 3 -14890.950594355874  2084.210187193692 -11245.586764531836
Adsorbate-atom-force:    21 0 -1084.225904385100  -282.353032002017  1294.665633047203
Adsorbate-atom-force:    21 1 -8655.440540423504  -773.991959836851  1540.219808721843
Adsorbate-atom-force:    21 2 -1490.874103409093 -2790.013471227583  7333.895093617234
Adsorbate-atom-force:    21 3  8865.907745300832  5326.446464024389 -6872.884617654032
Adsorbate-atom-force:    22 0 -6099.646432492262  8377.804335504889 -1178.449381395792
Adsorbate-atom-force:    22 1 -2812.939216258142  -965.039723593287  7539.701629797873
Adsorbate-atom-force:    22 2   175.636866243545 -12865.576752561934   487.215794497945
Adsorbate-atom-force:    22 3  5724.405079941185 12304.876303670517 -7320.287771882220
Adsorbate-atom-force:    23 0  1114.596878910796 -1092.443377501251   683.987023008556
Adsorbate-atom-force:    23 1 -10109.197169928135  1794.283709837003   -39.651267143194
Adsorbate-atom-force:    23 2 -1005.627351767440 -3068.162820785408  5747.218695564618
Adsorbate-atom-force:    23 3 10093.185942141401  3937.678787865773 -7111.865855968876
Adsorbate-atom-force:    24 0  2069.571259941280   618.491998740091  3194.532532990896
Adsorbate-atom-force:    24 1    14.236736274957 -3376.708653178070  6969.850738588260
Adsorbate-atom-force:    24 2 -11710.767679124503  2802.786459869251  1142.169686868183
Adsorbate-atom-force:    24 3  8455.778821587797  4818.684787310512 -10012.751137836412
Adsorbate-atom-force:    25 0 -1531.095643129116    56.406053595557 -2077.257509426418
Adsorbate-atom-force:    25 1 -3867.454205214304   650.283273588145 -5830.643185667188
Adsorbate-atom-force:    25 2 -2548.034914837256  7243.035031389308  2382.255726809084
Adsorbate-atom-force:    25 3  9480.177704636462 -8859.189116488737  6863.021749707461
Adsorbate-atom-force:    26 0 11691.308987184491 -1959.356360883520  3412.270918381661
Adsorbate-atom-force:    26 1 -13006.747329212558  3755.744072218928  -946.307509403170
Adsorbate-atom-force:    26 2 -1613.731321603352 -1105.141532282317  7564.468828089632
Adsorbate-atom-force:    26 3 10973.883967465541  -702.991261671528 -8680.638697640530
Adsorbate-atom-force:    27 0   329.557939259082   345.078967145636  3243.662750593408
Adsorbate-atom-force:    27 1  2771.603494650206 -2571.138883229539  6359.236642635881
Adsorbate-atom-force:    27 2  6184.329306514928 -9874.068649800198  4995.209593133144
Adsorbate-atom-force:    27 3 -9284.600491125289  9506.393400719331 -12010.556751960821
Adsorbate-atom-force:    28 0 -7581.430462574580   613.436037624602  -580.921219692502
Adsorbate-atom-force:    28 1 -4481.859913906031  1258.147473880302 -9646.264272095581
Adsorbate-atom-force:    28 2 -2165.674626485487 10856.466898188117 -4359.955403279005
Adsorbate-atom-force:    28 3 11161.511649460454 -10105.244553456225 14135.120086329525
Adsorbate-atom-force:    29 0   -76.701941549886   193.544883391258  -484.021881707083
Adsorbate-atom-force:    29 1  3513.592980962282   905.043143739568 -6900.373937865291
Adsorbate-atom-force:    29 2  3578.297436199152  1661.303648291293  3586.668199065758
Adsorbate-atom-force:    29 3 -8258.278777288151 -1814.148512799648  4392.261796112725
Adsorbate-atom-force:    30 0  6423.334355392032   675.885635490529  -560.019944313085
Adsorbate-atom-force:    30 1 -6706.844898522661  8724.227695400097   263.476002726117
Adsorbate-atom-force:    30 2  2001.008086686213  3082.737359455851  6643.540663239017
Adsorbate-atom-force:    30 3   651.888275221357 -14577.650279954929 -6920.376248035318
Adsorbate-atom-force:    31 0  3030.837025612557  5591.318160963045  5799.258893871194
Adsorbate-atom-force:    31 1 -4060.363403410306  2740.442043960247  7452.508160766177
Adsorbate-atom-force:    31 2 -13458.931069809298 -7321.894358272889 -1691.653392995556
Adsorbate-atom-force:    31 3 17274.953925224028    57.758271415288 -7966.874180049746
Adsorbate-atom-force:    32 0 -2785.941208984875 -1679.816949645426  -283.823880701660
Adsorbate-atom-force:    32 1 -3189.579009036245  -123.349724808312 -8747.770913584234
Adsorbate-atom-force:    32 2 -3440.314212369809 10611.016039507012 -2474.038762749493
Adsorbate-atom-force:    32 3  9314.084551849408 -9036.263238197220 13262.725880923736
Adsorbate-atom-force:    33 0  3921.511628579417  -502.945566067795 -1378.806024833350
Adsorbate-atom-force:    33 1 -6931.848183053501  9084.403782471509 -3008.479545488787
Adsorbate-atom-force:    33 2 -1584.045141454577  3058.928450283809 -6042.908702641935
Adsorbate-atom-force:    33 3  5565.585371608911 -10023.066318942130 11932.764252024028
Adsorbate-atom-force:    34 0  2787.611003239405   176.332931172080   408.266392305872
Adsorbate-atom-force:    34 1 -9694.754568133209  1480.831605552973 -1697.423710960329
Adsorbate-atom-force:    34 2  -993.726497295017 -2472.756351955177  7076.569138626492
Adsorbate-atom-force:    34 3  9015.092684313198  4320.781600389841 -7022.253390748214
Adsorbate-atom-force:    35 0   700.038399204503 -2968.933421674295  1027.074325484508
Adsorbate-atom-force:    35 1 -3291.618527713149 -7431.307328413707  2845.613617509845
Adsorbate-atom-force:    35 2  4137.207386013859 -3510.551902663382  6543.922533633085
Adsorbate-atom-force:    35 3 -5155.825443184919 13744.156889271751 -9810.545278151440
Adsorbate-atom-force:    36 0  -271.570727615371  6128.043558941712 10886.000004279906
Adsorbate-atom-force:    36 1 -1988.359534042601  3132.864807909752  6412.315545418316
Adsorbate-atom-force:    36 2 -11453.739877478323 -4768.216367659682  2662.604088036630
Adsorbate-atom-force:    36 3 12413.507250721481 -2806.542179956405 -13547.703710392174
Adsorbate-atom-force:    37 0  1086.068633233122  -541.588015513591  2336.776288286416
Adsorbate-atom-force:    37 1  3032.782600415375 -1401.034912808783  6903.084243705005
Adsorbate-atom-force:    37 2  5536.957021652869  6446.765033975485  1008.836866095389
Adsorbate-atom-force:    37 3 -10417.784692460269 -4871.859873611613 -11564.970974328955
Adsorbate-atom-force:    38 0   691.443794345022 -8720.913774606701 -1619.010327231594
Adsorbate-atom-force:    38 1 10302.601583163470 -1629.366810974321  -694.517815755799
Adsorbate-atom-force:    38 2  2113.200754076875 -3526.588771218766 -6249.593649891382
Adsorbate-atom-force:    38 3 -12214.764287933205  9097.573513905916  6492.225454361861
Adsorbate-atom-force:    39 0   989.977626759980  5354.898925279477   737.912176021728
Adsorbate-atom-force:    39 1  3698.831713102345   572.464140693136  6158.280614121619
Adsorbate-atom-force:    39 2  9094.225683927740 -7850.756403215817  3225.629672485214
Adsorbate-atom-force:    39 3 -14007.270174917112  4166.612094634035 -10068.117538751434
Adsorbate-atom-force:    40 0 -4866.121376967386  4312.597352062033  4236.142391179318
Adsorbate-atom-force:    40 1  -584.221976441423  4119.928268181845  8917.637691223461
Adsorbate-atom-force:    40 2  9832.167828947184  6391.027419387709  3072.846209690189
Adsorbate-atom-force:    40 3 -5433.472546784845 -15897.929681910313 -12567.922111201266
Adsorbate-atom-force:    41 0  3682.895816464057 -3185.176076487541 -2602.453857253836
Adsorbate-atom-force:    41 1  1485.755090157370 -3328.924057680382  9822.341648028543
Adsorbate-atom-force:    41 2 -3878.683931629516 -10706.527390966930  1304.024362906941
Adsorbate-atom-force:    41 3 -1681.878875788494 14815.607750489478 -12312.169649815369
Adsorbate-atom-force:    42 0  3455.594832531919  1689.153744537114  1662.400530389078
Adsorbate-atom-force:    42 1  7853.693469312942 -7094.055137743082  3396.720872045187
Adsorbate-atom-force:    42 2  4884.874764798743   900.149447807630  7445.129444877893
Adsorbate-atom-force:    42 3 -14835.852329452231  1404.065592263887 -10372.559663504428
Adsorbate-atom-force:    43 0  2288.593977348226 -1240.622870303856  1400.202521160066
Adsorbate-atom-force:    43 1  1534.316494118275 -3972.848826891509  6554.046594919147
Adsorbate-atom-force:    43 2 -3145.501757429032 -8957.455928139945  2813.264615648484
Adsorbate-atom-force:    43 3   769.702029704275 13315.286913778302 -9114.065476635073
Adsorbate-atom-force:    44 0 -8141.192134382863  -726.776789680171 -5595.836794853740
Adsorbate-atom-force:    44 1  3770.950930240543 -7118.644088196688  -177.289604436928
Adsorbate-atom-force:    44 2 12839.185882089025  3645.103003036098  2230.071923923329
Adsorbate-atom-force:    44 3 -13211.574369676659   992.573722954094  2948.739543694005
Adsorbate-atom-force:    45 0  -273.140456783128 -5107.946290959487  4935.580794841285
Adsorbate-atom-force:    45 1  5826.293751150341 11532.584055068450  4136.654018486579
Adsorbate-atom-force:    45 2  2741.266700436988   248.231715730197  7841.660222542871
Adsorbate-atom-force:    45 3 -10991.776134285788 -8534.666148056906 -13002.053999013948
Adsorbate-atom-force:    46 0 -11762.712595577508   672.140802810774 -4038.671979216135
Adsorbate-atom-force:    46 1 -3971.588782199995   937.793486648949 -6738.666348303084
Adsorbate-atom-force:    46 2 -4069.065669878861 10801.246197951983 -1174.109125167932
Adsorbate-atom-force:    46 3 10855.473613743090 -10759.052478343297 11447.013603359534
Adsorbate-atom-force:    47 0  3463.097543520420  -222.135415119494  2773.732399703031
Adsorbate-atom-force:    47 1 -5062.604724877142 -10299.802299442328  4343.117856644957
Adsorbate-atom-force:    47 2  2077.258534170262 -2791.665702576670 10419.113945074474
Adsorbate-atom-force:    47 3 -1129.722718622076 13083.071017873528 -16592.020686095449
Adsorbate-atom-force:    48 0  4149.841430625766  6591.853337165968 -1765.078181990323
Adsorbate-atom-force:    48 1  1302.905036160477  1834.334238371146 -8587.302138386440
Adsorbate-atom-force:    48 2 -3544.810208486735  5138.282164085354   249.477258272594
Adsorbate-atom-force:    48 3  -964.185123722021 -10814.704298252051 12023.037736437302
Adsorbate-atom-force:    49 0 -3069.245135418011   343.006575099276   692.885610536420
Adsorbate-atom-force:    49 1    13.545322974274  3269.485206244076 -10500.890048473584
Adsorbate-atom-force:    49 2  8330.730095057414  3637.970678674149 -4311.356346091990
Adsorbate-atom-force:    49 3 -3918.207824736565 -10089.371925201431 16497.251966740292
Adsorbate-atom-force:    50 0 -2342.800947874571  -881.704953180792 -5780.262402245567
Adsorbate-atom-force:    50 1 -4331.058802346842  -964.407109230525 -8132.905764998563
Adsorbate-atom-force:    50 2 -4850.877909072282  6094.639141165720 -6440.434505941957
Adsorbate-atom-force:    50 3 10877.908382622289    34.402784730694 15601.884574446991
Adsorbate-atom-charge:   0 0     0.000000000000
Adsorbate-atom-charge:   0 1     0.520000000000
Adsorbate-atom-charge:   0 2     0.520000000000
Adsorbate-atom-charge:   0 3    -1.040000000000
Adsorbate-atom-charge:   1 0     0.000000000000
Adsorbate-atom-charge:   1 1     0.520000000000
Adsorbate-atom-charge:   1 2     0.520000000000
Adsorbate-atom-charge:   1 3    -1.040000000000
Adsorbate-atom-charge:   2 0     0.000000000000
Adsorbate-atom-charge:   2 1     0.520000000000
Adsorbate-atom-charge:   2 2     0.520000000000
Adsorbate-atom-charge:   2 3    -1.040000000000
Adsorbate-atom-charge:   3 0     0.000000000000
Adsorbate-atom-charge:   3 1     0.520000000000
Adsorbate-atom-charge:   3 2     0.520000000000
Adsorbate-atom-charge:   3 3    -1.040000000000
Adsorbate-atom-charge:   4 0     0.000000000000
Adsorbate-atom-charge:   4 1     0.520000000000
Adsorbate-atom-charge:   4 2     0.520000000000
Adsorbate-atom-charge:   4 3    -1.040000000000
Adsorbate-atom-charge:   5 0     0.000000000000
Adsorbate-atom-charge:   5 1     0.520000000000
Adsorbate-atom-charge:   5 2     0.520000000000
Adsorbate-atom-charge:   5 3    -1.040000000000
Adsorbate-atom-charge:   6 0     0.000000000000
Adsorbate-atom-charge:   6 1     0.520000000000
Adsorbate-atom-charge:   6 2     0.520000000000
Adsorbate-atom-charge:   6 3    -1.040000000000
Adsorbate-atom-charge:   7 0     0.000000000000
Adsorbate-atom-charge:   7 1     0.520000000000
Adsorbate-atom-charge:   7 2     0.520000000000
Adsorbate-atom-charge:   7 3    -1.040000000000
Adsorbate-atom-charge:   8 0     0.000000000000
Adsorbate-atom-charge:   8 1     0.520000000000
Adsorbate-atom-charge:   8 2     0.520000000000
Adsorbate-atom-charge:   8 3    -1.040000000000
Adsorbate-atom-charge:   9 0     0.000000000000
Adsorbate-atom-charge:   9 1     0.520000000000
Adsorbate-atom-charge:   9 2     0.520000000000
Adsorbate-atom-charge:   9 3    -1.040000000000
Adsorbate-atom-charge:   10 0     0.000000000000
Adsorbate-atom-charge:   10 1     0.520000000000
Adsorbate-atom-charge:   10 2     0.520000000000
Adsorbate-atom-charge:   10 3    -1.040000000000
Adsorbate-atom-charge:   11 0     0.000000000000
Adsorbate-atom-charge:   11 1     0.520000000000
Adsorbate-atom-charge:   11 2     0.520000000000
Adsorbate-atom-charge:   11 3    -1.040000000000
Adsorbate-atom-charge:   12 0     0.000000000000
Adsorbate-atom-charge:   12 1     0.520000000000
Adsorbate-atom-charge:   12 2     0.520000000000
Adsorbate-atom-charge:   12 3    -1.040000000000
Adsorbate-atom-charge:   13 0     0.000000000000
Adsorbate-atom-charge:   13 1     0.520000000000
Adsorbate-atom-charge:   13 2     0.520000000000
Adsorbate-atom-charge:   13 3    -1.040000000000
Adsorbate-atom-charge:   14 0     0.000000000000
Adsorbate-atom-charge:   14 1     0.520000000000
Adsorbate-atom-charge:   14 2     0.520000000000
Adsorbate-atom-charge:   14 3    -1.040000000000
Adsorbate-atom-charge:   15 0     0.000000000000
Adsorbate-atom-charge:   15 1     0.520000000000
Adsorbate-atom-charge:   15 2     0.520000000000
Adsorbate-atom-charge:   15 3    -1.040000000000
Adsorbate-atom-charge:   16 0     0.000000000000
Adsorbate-atom-charge:   16 1     0.520000000000
Adsorbate-atom-charge:   16 2     0.520000000000
Adsorbate-atom-charge:   16 3    -1.040000000000
Adsorbate-atom-charge:   17 0     0.000000000000
Adsorbate-atom-charge:   17 1     0.520000000000
Adsorbate-atom-charge:   17 2     0.520000000000
Adsorbate-atom-charge:   17 3    -1.040000000000
Adsorbate-atom-charge:   18 0     0.000000000000
Adsorbate-atom-charge:   18 1     0.520000000000
Adsorbate-atom-charge:   18 2     0.520000000000
Adsorbate-atom-charge:   18 3    -1.040000000000
Adsorbate-atom-charge:   19 0     0.000000000000
Adsorbate-atom-charge:   19 1     0.520000000000
Adsorbate-atom-charge:   19 2     0.520000000000
Adsorbate-atom-charge:   19 3    -1.040000000000
Adsorbate-atom-charge:   20 0     0.000000000000
Adsorbate-atom-charge:   20 1     0.520000000000
Adsorbate-atom-charge:   20 2     0.520000000000
Adsorbate-atom-charge:   20 3    -1.040000000000
Adsorbate-atom-charge:   21 0     0.000000000000
Adsorbate-atom-charge:   21 1     0.520000000000
Adsorbate-atom-charge:   21 2     0.520000000000
Adsorbate-atom-charge:   21 3    -1.040000000000
Adsorbate-atom-charge:   22 0     0.000000000000
Adsorbate-atom-charge:   22 1     0.520000000000
Adsorbate-atom-charge:   22 2     0.520000000000
Adsorbate-atom-charge:   22 3    -1.040000000000
Adsorbate-atom-charge:   23 0     0.000000000000
Adsorbate-atom-charge:   23 1     0.520000000000
Adsorbate-atom-charge:   23 2     0.520000000000
Adsorbate-atom-charge:   23 3    -1.040000000000
Adsorbate-atom-charge:   24 0     0.000000000000
Adsorbate-atom-charge:   24 1     0.520000000000
Adsorbate-atom-charge:   24 2     0.520000000000
Adsorbate-atom-charge:   24 3    -1.040000000000
Adsorbate-atom-charge:   25 0     0.000000000000
Adsorbate-atom-charge:   25 1     0.520000000000
Adsorbate-atom-charge:   25 2     0.520000000000
Adsorbate-atom-charge:   25 3    -1.040000000000
Adsorbate-atom-charge:   26 0     0.000000000000
Adsorbate-atom-charge:   26 1     0.520000000000
Adsorbate-atom-charge:   26 2     0.520000000000
Adsorbate-atom-charge:   26 3    -1.040000000000
Adsorbate-atom-charge:   27 0     0.000000000000
Adsorbate-atom-charge:   27 1     0.520000000000
Adsorbate-atom-charge:   27 2     0.520000000000
Adsorbate-atom-charge:   27 3    -1.040000000000
Adsorbate-atom-charge:   28 0     0.000000000000
Adsorbate-atom-charge:   28 1     0.520000000000
Adsorbate-atom-charge:   28 2     0.520000000000
Adsorbate-atom-charge:   28 3    -1.040000000000
Adsorbate-atom-charge:   29 0     0.000000000000
Adsorbate-atom-charge:   29 1     0.520000000000
Adsorbate-atom-charge:   29 2     0.520000000000
Adsorbate-atom-charge:   29 3    -1.040000000000
Adsorbate-atom-charge:   30 0     0.000000000000
Adsorbate-atom-charge:   30 1     0.520000000000
Adsorbate-atom-charge:   30 2     0.520000000000
Adsorbate-atom-charge:   30 3    -1.040000000000
Adsorbate-atom-charge:   31 0     0.000000000000
Adsorbate-atom-charge:   31 1     0.520000000000
Adsorbate-atom-charge:   31 2     0.520000000000
Adsorbate-atom-charge:   31 3    -1.040000000000
Adsorbate-atom-charge:   32 0     0.000000000000
Adsorbate-atom-charge:   32 1     0.520000000000
Adsorbate-atom-charge:   32 2     0.520000000000
Adsorbate-atom-charge:   32 3    -1.040000000000
Adsorbate-atom-charge:   33 0     0.000000000000
Adsorbate-atom-charge:   33 1     0.520000000000
Adsorbate-atom-charge:   33 2     0.520000000000
Adsorbate-atom-charge:   33 3    -1.040000000000
Adsorbate-atom-charge:   34 0     0.000000000000
Adsorbate-atom-charge:   34 1     0.520000000000
Adsorbate-atom-charge:   34 2     0.520000000000
Adsorbate-atom-charge:   34 3    -1.040000000000
Adsorbate-atom-charge:   35 0     0.000000000000
Adsorbate-atom-charge:   35 1     0.520000000000
Adsorbate-atom-charge:   35 2     0.520000000000
Adsorbate-atom-charge:   35 3    -1.040000000000
Adsorbate-atom-charge:   36 0     0.000000000000
Adsorbate-atom-charge:   36 1     0.520000000000
Adsorbate-atom-charge:   36 2     0.520000000000
Adsorbate-atom-charge:   36 3    -1.040000000000
Adsorbate-atom-charge:   37 0     0.000000000000
Adsorbate-atom-charge:   37 1     0.520000000000
Adsorbate-atom-charge:   37 2     0.520000000000
Adsorbate-atom-charge:   37 3    -1.040000000000
Adsorbate-atom-charge:   38 0     0.000000000000
Adsorbate-atom-charge:   38 1     0.520000000000
Adsorbate-atom-charge:   38 2     0.520000000000
Adsorbate-atom-charge:   38 3    -1.040000000000
Adsorbate-atom-charge:   39 0     0.000000000000
Adsorbate-atom-charge:   39 1     0.520000000000
Adsorbate-atom-charge:   39 2     0.520000000000
Adsorbate-atom-charge:   39 3    -1.040000000000
Adsorbate-atom-charge:   40 0     0.000000000000
Adsorbate-atom-charge:   40 1     0.520000000000
Adsorbate-atom-charge:   40 2     0.520000000000
Adsorbate-atom-charge:   40 3    -1.040000000000
Adsorbate-atom-charge:   41 0     0.000000000000
Adsorbate-atom-charge:   41 1     0.520000000000
Adsorbate-atom-charge:   41 2     0.520000000000
Adsorbate-atom-charge:   41 3    -1.040000000000
Adsorbate-atom-charge:   42 0     0.000000000000
Adsorbate-atom-charge:   42 1     0.520000000000
Adsorbate-atom-charge:   42 2     0.520000000000
Adsorbate-atom-charge:   42 3    -1.040000000000
Adsorbate-atom-charge:   43 0     0.000000000000
Adsorbate-atom-charge:   43 1     0.520000000000
Adsorbate-atom-charge:   43 2     0.520000000000
Adsorbate-atom-charge:   43 3    -1.040000000000
Adsorbate-atom-charge:   44 0     0.000000000000
Adsorbate-atom-charge:   44 1     0.520000000000
Adsorbate-atom-charge:   44 2     0.520000000000
Adsorbate-atom-charge:   44 3    -1.040000000000
Adsorbate-atom-charge:   45 0     0.000000000000
Adsorbate-atom-charge:   45 1     0.520000000000
Adsorbate-atom-charge:   45 2     0.520000000000
Adsorbate-atom-charge:   45 3    -1.040000000000
Adsorbate-atom-charge:   46 0     0.000000000000
Adsorbate-atom-charge:   46 1     0.520000000000
Adsorbate-atom-charge:   46 2     0.520000000000
Adsorbate-atom-charge:   46 3    -1.040000000000
Adsorbate-atom-charge:   47 0     0.000000000000
Adsorbate-atom-charge:   47 1     0.520000000000
Adsorbate-atom-charge:   47 2     0.520000000000
Adsorbate-atom-charge:   47 3    -1.040000000000
Adsorbate-atom-charge:   48 0     0.000000000000
Adsorbate-atom-charge:   48 1     0.520000000000
Adsorbate-atom-charge:   48 2     0.520000000000
Adsorbate-atom-charge:   48 3    -1.040000000000
Adsorbate-atom-charge:   49 0     0.000000000000
Adsorbate-atom-charge:   49 1     0.520000000000
Adsorbate-atom-charge:   49 2     0.520000000000
Adsorbate-atom-charge:   49 3    -1.040000000000
Adsorbate-atom-charge:   50 0     0.000000000000
Adsorbate-atom-charge:   50 1     0.520000000000
Adsorbate-atom-charge:   50 2     0.520000000000
Adsorbate-atom-charge:   50 3    -1.040000000000
Adsorbate-atom-scaling:  0 0     1.000000000000
Adsorbate-atom-scaling:  0 1     1.000000000000
Adsorbate-atom-scaling:  0 2     1.000000000000
Adsorbate-atom-scaling:  0 3     1.000000000000
Adsorbate-atom-scaling:  1 0     1.000000000000
Adsorbate-atom-scaling:  1 1     1.000000000000
Adsorbate-atom-scaling:  1 2     1.000000000000
Adsorbate-atom-scaling:  1 3     1.000000000000
Adsorbate-atom-scaling:  2 0     1.000000000000
Adsorbate-atom-scaling:  2 1     1.000000000000
Adsorbate-atom-scaling:  2 2     1.000000000000
Adsorbate-atom-scaling:  2 3     1.000000000000
Adsorbate-atom-scaling:  3 0     1.000000000000
Adsorbate-atom-scaling:  3 1     1.000000000000
Adsorbate-atom-scaling:  3 2     1.000000000000
Adsorbate-atom-scaling:  3 3     1.000000000000
Adsorbate-atom-scaling:  4 0     1.000000000000
Adsorbate-atom-scaling:  4 1     1.000000000000
Adsorbate-atom-scaling:  4 2     1.000000000000
Adsorbate-atom-scaling:  4 3     1.000000000000
Adsorbate-atom-scaling:  5 0     1.000000000000
Adsorbate-atom-scaling:  5 1     1.000000000000
Adsorbate-atom-scaling:  5 2     1.000000000000
Adsorbate-atom-scaling:  5 3     1.000000000000
Adsorbate-atom-scaling:  6 0     1.000000000000
Adsorbate-atom-scaling:  6 1     1.000000000000
Adsorbate-atom-scaling:  6 2     1.000000000000
Adsorbate-atom-scaling:  6 3     1.000000000000
Adsorbate-atom-scaling:  7 0     1.000000000000
Adsorbate-atom-scaling:  7 1     1.000000000000
Adsorbate-atom-scaling:  7 2     1.000000000000
Adsorbate-atom-scaling:  7 3     1.000000000000
Adsorbate-atom-scaling:  8 0     1.000000000000
Adsorbate-atom-scaling:  8 1     1.000000000000
Adsorbate-atom-scaling:  8 2     1.000000000000
Adsorbate-atom-scaling:  8 3     1.000000000000
Adsorbate-atom-scaling:  9 0     1.000000000000
Adsorbate-atom-scaling:  9 1     1.000000000000
Adsorbate-atom-scaling:  9 2     1.000000000000
Adsorbate-atom-scaling:  9 3     1.000000000000
Adsorbate-atom-scaling:  10 0     1.000000000000
Adsorbate-atom-scaling:  10 1     1.000000000000
Adsorbate-atom-scaling:  10 2     1.000000000000
Adsorbate-atom-scaling:  10 3     1.000000000000
Adsorbate-atom-scaling:  11 0     1.000000000000
Adsorbate-atom-scaling:  11 1     1.000000000000
Adsorbate-atom-scaling:  11 2     1.000000000000
Adsorbate-atom-scaling:  11 3     1.000000000000
Adsorbate-atom-scaling:  12 0     1.000000000000
Adsorbate-atom-scaling:  12 1     1.000000000000
Adsorbate-atom-scaling:  12 2     1.000000000000
Adsorbate-atom-scaling:  12 3     1.000000000000
Adsorbate-atom-scaling:  13 0     1.000000000000
Adsorbate-atom-scaling:  13 1     1.000000000000
Adsorbate-atom-scaling:  13 2     1.000000000000
Adsorbate-atom-scaling:  13 3     1.000000000000
Adsorbate-atom-scaling:  14 0     1.000000000000
Adsorbate-atom-scaling:  14 1     1.000000000000
Adsorbate-atom-scaling:  14 2     1.000000000000
Adsorbate-atom-scaling:  14 3     1.000000000000
Adsorbate-atom-scaling:  15 0     1.000000000000
Adsorbate-atom-scaling:  15 1     1.000000000000
Adsorbate-atom-scaling:  15 2     1.000000000000
Adsorbate-atom-scaling:  15 3     1.000000000000
Adsorbate-atom-scaling:  16 0     1.000000000000
Adsorbate-atom-scaling:  16 1     1.000000000000
Adsorbate-atom-scaling:  16 2     1.000000000000
Adsorbate-atom-scaling:  16 3     1.000000000000
Adsorbate-atom-scaling:  17 0     1.000000000000
Adsorbate-atom-scaling:  17 1     1.000000000000
Adsorbate-atom-scaling:  17 2     1.000000000000
Adsorbate-atom-scaling:  17 3     1.000000000000
Adsorbate-atom-scaling:  18 0     1.000000000000
Adsorbate-atom-scaling:  18 1     1.000000000000
Adsorbate-atom-scaling:  18 2     1.000000000000
Adsorbate-atom-scaling:  18 3     1.000000000000
Adsorbate-atom-scaling:  19 0     1.000000000000
Adsorbate-atom-scaling:  19 1     1.000000000000
Adsorbate-atom-scaling:  19 2     1.000000000000
Adsorbate-atom-scaling:  19 3     1.000000000000
Adsorbate-atom-scaling:  20 0     1.000000000000
Adsorbate-atom-scaling:  20 1     1.000000000000
Adsorbate-atom-scaling:  20 2     1.000000000000
Adsorbate-atom-scaling:  20 3     1.000000000000
Adsorbate-atom-scaling:  21 0     1.000000000000
Adsorbate-atom-scaling:  21 1     1.000000000000
Adsorbate-atom-scaling:  21 2     1.000000000000
Adsorbate-atom-scaling:  21 3     1.000000000000
Adsorbate-atom-scaling:  22 0     1.000000000000
Adsorbate-atom-scaling:  22 1     1.000000000000
Adsorbate-atom-scaling:  22 2     1.000000000000
Adsorbate-atom-scaling:  22 3     1.000000000000
Adsorbate-atom-scaling:  23 0     1.000000000000
Adsorbate-atom-scaling:  23 1     1.000000000000
Adsorbate-atom-scaling:  23 2     1.000000000000
Adsorbate-atom-scaling:  23 3     1.000000000000
Adsorbate-atom-scaling:  24 0     1.000000000000
Adsorbate-atom-scaling:  24 1     1.000000000000
Adsorbate-atom-scaling:  24 2     1.000000000000
Adsorbate-atom-scaling:  24 3     1.000000000000
Adsorbate-atom-scaling:  25 0     1.000000000000
Adsorbate-atom-scaling:  25 1     1.000000000000
Adsorbate-atom-scaling:  25 2     1.000000000000
Adsorbate-atom-scaling:  25 3     1.000000000000
Adsorbate-atom-scaling:  26 0     1.000000000000
Adsorbate-atom-scaling:  26 1     1.000000000000
Adsorbate-atom-scaling:  26 2     1.000000000000
Adsorbate-atom-scaling:  26 3     1.000000000000
Adsorbate-atom-scaling:  27 0     1.000000000000
Adsorbate-atom-scaling:  27 1     1.000000000000
Adsorbate-atom-scaling:  27 2     1.000000000000
Adsorbate-atom-scaling:  27 3     1.000000000000
Adsorbate-atom-scaling:  28 0     1.000000000000
Adsorbate-atom-scaling:  28 1     1.000000000000
Adsorbate-atom-scaling:  28 2     1.000000000000
Adsorbate-atom-scaling:  28 3     1.000000000000
Adsorbate-atom-scaling:  29 0     1.000000000000
Adsorbate-atom-scaling:  29 1     1.000000000000
Adsorbate-atom-scaling:  29 2     1.000000000000
Adsorbate-atom-scaling:  29 3     1.000000000000
Adsorbate-atom-scaling:  30 0     1.000000000000
Adsorbate-atom-scaling:  30 1     1.000000000000
Adsorbate-atom-scaling:  30 2     1.000000000000
Adsorbate-atom-scaling:  30 3     1.000000000000
Adsorbate-atom-scaling:  31 0     1.000000000000
Adsorbate-atom-scaling:  31 1     1.000000000000
Adsorbate-atom-scaling:  31 2     1.000000000000
Adsorbate-atom-scaling:  31 3     1.000000000000
Adsorbate-atom-scaling:  32 0     1.000000000000
Adsorbate-atom-scaling:  32 1     1.000000000000
Adsorbate-atom-scaling:  32 2     1.000000000000
Adsorbate-atom-scaling:  32 3     1.000000000000
Adsorbate-atom-scaling:  33 0     1.000000000000
Adsorbate-atom-scaling:  33 1     1.000000000000
Adsorbate-atom-scaling:  33 2     1.000000000000
Adsorbate-atom-scaling:  33 3     1.000000000000
Adsorbate-atom-scaling:  34 0     1.000000000000
Adsorbate-atom-scaling:  34 1     1.000000000000
Adsorbate-atom-scaling:  34 2     1.000000000000
Adsorbate-atom-scaling:  34 3     1.000000000000
Adsorbate-atom-scaling:  35 0     1.000000000000
Adsorbate-atom-scaling:  35 1     1.000000000000
Adsorbate-atom-scaling:  35 2     1.000000000000
Adsorbate-atom-scaling:  35 3     1.000000000000
Adsorbate-atom-scaling:  36 0     1.000000000000
Adsorbate-atom-scaling:  36 1     1.000000000000
Adsorbate-atom-scaling:  36 2     1.000000000000
Adsorbate-atom-scaling:  36 3     1.000000000000
Adsorbate-atom-scaling:  37 0     1.000000000000
Adsorbate-atom-scaling:  37 1     1.000000000000
Adsorbate-atom-scaling:  37 2     1.000000000000
Adsorbate-atom-scaling:  37 3     1.000000000000
Adsorbate-atom-scaling:  38 0     1.000000000000
Adsorbate-atom-scaling:  38 1     1.000000000000
Adsorbate-atom-scaling:  38 2     1.000000000000
Adsorbate-atom-scaling:  38 3     1.000000000000
Adsorbate-atom-scaling:  39 0     1.000000000000
Adsorbate-atom-scaling:  39 1     1.000000000000
Adsorbate-atom-scaling:  39 2     1.000000000000
Adsorbate-atom-scaling:  39 3     1.000000000000
Adsorbate-atom-scaling:  40 0     1.000000000000
Adsorbate-atom-scaling:  40 1     1.000000000000
Adsorbate-atom-scaling:  40 2     1.000000000000
Adsorbate-atom-scaling:  40 3     1.000000000000
Adsorbate-atom-scaling:  41 0     1.000000000000
Adsorbate-atom-scaling:  41 1     1.000000000000
Adsorbate-atom-scaling:  41 2     1.000000000000
Adsorbate-atom-scaling:  41 3     1.000000000000
Adsorbate-atom-scaling:  42 0     1.000000000000
Adsorbate-atom-scaling:  42 1     1.000000000000
Adsorbate-atom-scaling:  42 2     1.000000000000
Adsorbate-atom-scaling:  42 3     1.000000000000
Adsorbate-atom-scaling:  43 0     1.000000000000
Adsorbate-atom-scaling:  43 1     1.000000000000
Adsorbate-atom-scaling:  43 2     1.000000000000
Adsorbate-atom-scaling:  43 3     1.000000000000
Adsorbate-atom-scaling:  44 0     1.000000000000
Adsorbate-atom-scaling:  44 1     1.000000000000
Adsorbate-atom-scaling:  44 2     1.000000000000
Adsorbate-atom-scaling:  44 3     1.000000000000
Adsorbate-atom-scaling:  45 0     1.000000000000
Adsorbate-atom-scaling:  45 1     1.000000000000
Adsorbate-atom-scaling:  45 2     1.000000000000
Adsorbate-atom-scaling:  45 3     1.000000000000
Adsorbate-atom-scaling:  46 0     1.000000000000
Adsorbate-atom-scaling:  46 1     1.000000000000
Adsorbate-atom-scaling:  46 2     1.000000000000
Adsorbate-atom-scaling:  46 3     1.000000000000
Adsorbate-atom-scaling:  47 0     1.000000000000
Adsorbate-atom-scaling:  47 1     1.000000000000
Adsorbate-atom-scaling:  47 2     1.000000000000
Adsorbate-atom-scaling:  47 3     1.000000000000
Adsorbate-atom-scaling:  48 0     1.000000000000
Adsorbate-atom-scaling:  48 1     1.000000000000
Adsorbate-atom-scaling:  48 2     1.000000000000
Adsorbate-atom-scaling:  48 3     1.000000000000
Adsorbate-atom-scaling:  49 0     1.000000000000
Adsorbate-atom-scaling:  49 1     1.000000000000
Adsorbate-atom-scaling:  49 2     1.000000000000
Adsorbate-atom-scaling:  49 3     1.000000000000
Adsorbate-atom-scaling:  50 0     1.000000000000
Adsorbate-atom-scaling:  50 1     1.000000000000
Adsorbate-atom-scaling:  50 2     1.000000000000
Adsorbate-atom-scaling:  50 3     1.000000000000
Adsorbate-atom-fixed:    0 0       0 0 0
Adsorbate-atom-fixed:    0 1       0 0 0
Adsorbate-atom-fixed:    0 2       0 0 0
Adsorbate-atom-fixed:    0 3       0 0 0
Adsorbate-atom-fixed:    1 0       0 0 0
Adsorbate-atom-fixed:    1 1       0 0 0
Adsorbate-atom-fixed:    1 2       0 0 0
Adsorbate-atom-fixed:    1 3       0 0 0
Adsorbate-atom-fixed:    2 0       0 0 0
Adsorbate-atom-fixed:    2 1       0 0 0
Adsorbate-atom-fixed:    2 2       0 0 0
Adsorbate-atom-fixed:    2 3       0 0 0
Adsorbate-atom-fixed:    3 0       0 0 0
Adsorbate-atom-fixed:    3 1       0 0 0
Adsorbate-atom-fixed:    3 2       0 0 0
Adsorbate-atom-fixed:    3 3       0 0 0
Adsorbate-atom-fixed:    4 0       0 0 0
Adsorbate-atom-fixed:    4 1       0 0 0
Adsorbate-atom-fixed:    4 2       0 0 0
Adsorbate-atom-fixed:    4 3       0 0 0
Adsorbate-atom-fixed:    5 0       0 0 0
Adsorbate-atom-fixed:    5 1       0 0 0
Adsorbate-atom-fixed:    5 2       0 0 0
Adsorbate-atom-fixed:    5 3       0 0 0
Adsorbate-atom-fixed:    6 0       0 0 0
Adsorbate-atom-fixed:    6 1       0 0 0
Adsorbate-atom-fixed:    6 2       0 0 0
Adsorbate-atom-fixed:    6 3       0 0 0
Adsorbate-atom-fixed:    7 0       0 0 0
Adsorbate-atom-fixed:    7 1       0 0 0
Adsorbate-atom-fixed:    7 2       0 0 0
Adsorbate-atom-fixed:    7 3       0 0 0
Adsorbate-atom-fixed:    8 0       0 0 0
Adsorbate-atom-fixed:    8 1       0 0 0
Adsorbate-atom-fixed:    8 2       0 0 0
Adsorbate-atom-fixed:    8 3       0 0 0
Adsorbate-atom-fixed:    9 0       0 0 0
Adsorbate-atom-fixed:    9 1       0 0 0
Adsorbate-atom-fixed:    9 2       0 0 0
Adsorbate-atom-fixed:    9 3       0 0 0
Adsorbate-atom-fixed:    10 0       0 0 0
Adsorbate-atom-fixed:    10 1       0 0 0
Adsorbate-atom-fixed:    10 2       0 0 0
Adsorbate-atom-fixed:    10 3       0 0 0
Adsorbate-atom-fixed:    11 0       0 0 0
Adsorbate-atom-fixed:    11 1       0 0 0
Adsorbate-atom-fixed:    11 2       0 0 0
Adsorbate-atom-fixed:    11 3       0 0 0
Adsorbate-atom-fixed:    12 0       0 0 0
Adsorbate-atom-fixed:    12 1       0 0 0
Adsorbate-atom-fixed:    12 2       0 0 0
Adsorbate-atom-fixed:    12 3       0 0 0
Adsorbate-atom-fixed:    13 0       0 0 0
Adsorbate-atom-fixed:    13 1       0 0 0
Adsorbate-atom-fixed:    13 2       0 0 0
Adsorbate-atom-fixed:    13 3       0 0 0
Adsorbate-atom-fixed:    14 0       0 0 0
Adsorbate-atom-fixed:    14 1       0 0 0
Adsorbate-atom-fixed:    14 2       0 0 0
Adsorbate-atom-fixed:    14 3       0 0 0
Adsorbate-atom-fixed:    15 0       0 0 0
Adsorbate-atom-fixed:    15 1       0 0 0
Adsorbate-atom-fixed:    15 2       0 0 0
Adsorbate-atom-fixed:    15 3       0 0 0
Adsorbate-atom-fixed:    16 0       0 0 0
Adsorbate-atom-fixed:    16 1       0 0 0
Adsorbate-atom-fixed:    16 2       0 0 0
Adsorbate-atom-fixed:    16 3       0 0 0
Adsorbate-atom-fixed:    17 0       0 0 0
Adsorbate-atom-fixed:    17 1       0 0 0
Adsorbate-atom-fixed:    17 2       0 0 0
Adsorbate-atom-fixed:    17 3       0 0 0
Adsorbate-atom-fixed:    18 0       0 0 0
Adsorbate-atom-fixed:    18 1       0 0 0
Adsorbate-atom-fixed:    18 2       0 0 0
Adsorbate-atom-fixed:    18 3       0 0 0
Adsorbate-atom-fixed:    19 0       0 0 0
Adsorbate-atom-fixed:    19 1       0 0 0
Adsorbate-atom-fixed:    19 2       0 0 0
Adsorbate-atom-fixed:    19 3       0 0 0
Adsorbate-atom-fixed:    20 0       0 0 0
Adsorbate-atom-fixed:    20 1       0 0 0
Adsorbate-atom-fixed:    20 2       0 0 0
Adsorbate-atom-fixed:    20 3       0 0 0
Adsorbate-atom-fixed:    21 0       0 0 0
Adsorbate-atom-fixed:    21 1       0 0 0
Adsorbate-atom-fixed:    21 2       0 0 0
Adsorbate-atom-fixed:    21 3       0 0 0
Adsorbate-atom-fixed:    22 0       0 0 0
Adsorbate-atom-fixed:    22 1       0 0 0
Adsorbate-atom-fixed:    22 2       0 0 0
Adsorbate-atom-fixed:    22 3       0 0 0
Adsorbate-atom-fixed:    23 0       0 0 0
Adsorbate-atom-fixed:    23 1       0 0 0
Adsorbate-atom-fixed:    23 2       0 0 0
Adsorbate-atom-fixed:    23 3       0 0 0
Adsorbate-atom-fixed:    24 0       0 0 0
Adsorbate-atom-fixed:    24 1       0 0 0
Adsorbate-atom-fixed:    24 2       0 0 0
Adsorbate-atom-fixed:    24 3       0 0 0
Adsorbate-atom-fixed:    25 0       0 0 0
Adsorbate-atom-fixed:    25 1       0 0 0
Adsorbate-atom-fixed:    25 2       0 0 0
Adsorbate-atom-fixed:    25 3       0 0 0
Adsorbate-atom-fixed:    26 0       0 0 0
Adsorbate-atom-fixed:    26 1       0 0 0
Adsorbate-atom-fixed:    26 2       0 0 0
Adsorbate-atom-fixed:    26 3       0 0 0
Adsorbate-atom-fixed:    27 0       0 0 0
Adsorbate-atom-fixed:    27 1       0 0 0
Adsorbate-atom-fixed:    27 2       0 0 0
Adsorbate-atom-fixed:    27 3       0 0 0
Adsorbate-atom-fixed:    28 0       0 0 0
Adsorbate-atom-fixed:    28 1       0 0 0
Adsorbate-atom-fixed:    28 2       0 0 0
Adsorbate-atom-fixed:    28 3       0 0 0
Adsorbate-atom-fixed:    29 0       0 0 0
Adsorbate-atom-fixed:    29 1       0 0 0
Adsorbate-atom-fixed:    29 2       0 0 0
Adsorbate-atom-fixed:    29 3       0 0 0
Adsorbate-atom-fixed:    30 0       0 0 0
Adsorbate-atom-fixed:    30 1       0 0 0
Adsorbate-atom-fixed:    30 2       0 0 0
Adsorbate-atom-fixed:    30 3       0 0 0
Adsorbate-atom-fixed:    31 0       0 0 0
Adsorbate-atom-fixed:    31 1       0 0 0
Adsorbate-atom-fixed:    31 2       0 0 0
Adsorbate-atom-fixed:    31 3       0 0 0
Adsorbate-atom-fixed:    32 0       0 0 0
Adsorbate-atom-fixed:    32 1       0 0 0
Adsorbate-atom-fixed:    32 2       0 0 0
Adsorbate-atom-fixed:    32 3       0 0 0
Adsorbate-atom-fixed:    33 0       0 0 0
Adsorbate-atom-fixed:    33 1       0 0 0
Adsorbate-atom-fixed:    33 2       0 0 0
Adsorbate-atom-fixed:    33 3       0 0 0
Adsorbate-atom-fixed:    34 0       0 0 0
Adsorbate-atom-fixed:    34 1       0 0 0
Adsorbate-atom-fixed:    34 2       0 0 0
Adsorbate-atom-fixed:    34 3       0 0 0
Adsorbate-atom-fixed:    35 0       0 0 0
Adsorbate-atom-fixed:    35 1       0 0 0
Adsorbate-atom-fixed:    35 2       0 0 0
Adsorbate-atom-fixed:    35 3       0 0 0
Adsorbate-atom-fixed:    36 0       0 0 0
Adsorbate-atom-fixed:    36 1       0 0 0
Adsorbate-atom-fixed:    36 2       0 0 0
Adsorbate-atom-fixed:    36 3       0 0 0
Adsorbate-atom-fixed:    37 0       0 0 0
Adsorbate-atom-fixed:    37 1       0 0 0
Adsorbate-atom-fixed:    37 2       0 0 0
Adsorbate-atom-fixed:    37 3       0 0 0
Adsorbate-atom-fixed:    38 0       0 0 0
Adsorbate-atom-fixed:    38 1       0 0 0
Adsorbate-atom-fixed:    38 2       0 0 0
Adsorbate-atom-fixed:    38 3       0 0 0
Adsorbate-atom-fixed:    39 0       0 0 0
Adsorbate-atom-fixed:    39 1       0 0 0
Adsorbate-atom-fixed:    39 2       0 0 0
Adsorbate-atom-fixed:    39 3       0 0 0
Adsorbate-atom-fixed:    40 0       0 0 0
Adsorbate-atom-fixed:    40 1       0 0 0
Adsorbate-atom-fixed:    40 2       0 0 0
Adsorbate-atom-fixed:    40 3       0 0 0
Adsorbate-atom-fixed:    41 0       0 0 0
Adsorbate-atom-fixed:    41 1       0 0 0
Adsorbate-atom-fixed:    41 2       0 0 0
Adsorbate-atom-fixed:    41 3       0 0 0
Adsorbate-atom-fixed:    42 0       0 0 0
Adsorbate-atom-fixed:    42 1       0 0 0
Adsorbate-atom-fixed:    42 2       0 0 0
Adsorbate-atom-fixed:    42 3       0 0 0
Adsorbate-atom-fixed:    43 0       0 0 0
Adsorbate-atom-fixed:    43 1       0 0 0
Adsorbate-atom-fixed:    43 2       0 0 0
Adsorbate-atom-fixed:    43 3       0 0 0
Adsorbate-atom-fixed:    44 0       0 0 0
Adsorbate-atom-fixed:    44 1       0 0 0
Adsorbate-atom-fixed:    44 2       0 0 0
Adsorbate-atom-fixed:    44 3       0 0 0
Adsorbate-atom-fixed:    45 0       0 0 0
Adsorbate-atom-fixed:    45 1       0 0 0
Adsorbate-atom-fixed:    45 2       0 0 0
Adsorbate-atom-fixed:    45 3       0 0 0
Adsorbate-atom-fixed:    46 0       0 0 0
Adsorbate-atom-fixed:    46 1       0 0 0
Adsorbate-atom-fixed:    46 2       0 0 0
Adsorbate-atom-fixed:    46 3       0 0 0
Adsorbate-atom-fixed:    47 0       0 0 0
Adsorbate-atom-fixed:    47 1       0 0 0
Adsorbate-atom-fixed:    47 2       0 0 0
Adsorbate-atom-fixed:    47 3       0 0 0
Adsorbate-atom-fixed:    48 0       0 0 0
Adsorbate-atom-fixed:    48 1       0 0 0
Adsorbate-atom-fixed:    48 2       0 0 0
Adsorbate-atom-fixed:    48 3       0 0 0
Adsorbate-atom-fixed:    49 0       0 0 0
Adsorbate-atom-fixed:    49 1       0 0 0
Adsorbate-atom-fixed:    49 2       0 0 0
Adsorbate-atom-fixed:    49 3       0 0 0
Adsorbate-atom-fixed:    50 0       0 0 0
Adsorbate-atom-fixed:    50 1       0 0 0
Adsorbate-atom-fixed:    50 2       0 0 0
Adsorbate-atom-fixed:    50 3       0 0 0


