Cell info:
========================================================================
number-of-unit-cells: 1 1 1
unit-cell-vector-a:    30.800000000000     0.000000000000     0.000000000000
unit-cell-vector-b:     0.000000000000    30.800000000000     0.000000000000
unit-cell-vector-c:     0.000000000000     0.000000000000    30.800000000000

cell-vector-a:    30.800000000000     0.000000000000     0.000000000000
cell-vector-b:     0.000000000000    30.800000000000     0.000000000000
cell-vector-c:     0.000000000000     0.000000000000    30.800000000000

cell-lengths:    30.800000000000    30.800000000000    30.800000000000
cell-angles:    90.000000000000    90.000000000000    90.000000000000


Maximum changes for MC-moves:
========================================================================
Maximum-volume-change: 0.000500
Maximum-Gibbs-volume-change: 0.000500
Maximum-box-shape-change: 0.100000 0.100000 0.100000, 0.100000 0.100000 0.100000, 0.100000 0.100000 0.100000


Acceptance targets for MC-moves:
========================================================================
Target-volume-change: 0.500000
Target-box-shape-change: 0.500000
Target-Gibbs-volume-change: 0.500000


Components: 1 (Adsorbates 43, Cations 0)
========================================================================
Component 0 (Tip4p)
	Fractional-molecule-id component 0: 40
	Lambda-factors component 0:  1.000000 1.000000 1.000000 1.000000
	Number-of-biasing-factors component 0: 21
	Biasing-factors component 0:  8.593437 8.658790 8.951368 9.479150 10.264927 11.345586 12.767201 14.428329 15.930171 16.944189 17.538748 17.858631 17.988895 17.948289 17.710470 17.202850 16.278525 14.669957 11.898815 7.278113 0.000000
	Maximum-CF-Lambda-change component 0: 0.270315
	Maximum-CBCF-Lambda-change component 0: 0.500000

	Maximum-translation-change component 0: 0.340241,0.336769,0.297538
	Maximum-translation-in-plane-change component 0: 0.000000,0.000000,0.000000
	Maximum-rotation-change component 0: 0.423633 0.418351 0.443781

Reactions: 0

Component: 0     Adsorbate    43 molecules of Tip4p
------------------------------------------------------------------------
Adsorbate-atom-position: 0 0    16.893131541208    16.445341585171    13.286026572212
Adsorbate-atom-position: 0 1    16.926022149822    15.502720833119    13.449171187655
Adsorbate-atom-position: 0 2    15.961836257377    16.663177494811    13.324346941055
Adsorbate-atom-position: 0 3    16.778124903642    16.352560380905    13.311816520850
Adsorbate-atom-position: 1 0    14.237300577053    14.312826918401     7.768274276855
Adsorbate-atom-position: 1 1    14.116433879479    14.043684813738     6.857677983871
Adsorbate-atom-position: 1 2    15.154183190282    14.113650608536     7.957712686450
Adsorbate-atom-position: 1 3    14.339200218088    14.252876511139     7.675957367103
Adsorbate-atom-position: 2 0    14.286426177969    17.027576309910   -14.314612558822
Adsorbate-atom-position: 2 1    13.889540039136    17.284055336655   -15.147037775598
Adsorbate-atom-position: 2 2    15.209827796661    16.885307857209   -14.522749479730
Adsorbate-atom-position: 2 3    14.353826511733    17.042196641324   -14.447817066696
Adsorbate-atom-position: 3 0    15.877633273225    13.420267156882    -0.453204281464
Adsorbate-atom-position: 3 1    16.187758687968    13.437073973065    -1.358616672556
Adsorbate-atom-position: 3 2    14.966964643446    13.710308008916    -0.506032216972
Adsorbate-atom-position: 3 3    15.800756496223    13.459547360492    -0.575870604317
Adsorbate-atom-position: 4 0    16.711177698502    15.897548569761    -0.737072121433
Adsorbate-atom-position: 4 1    16.556130471749    14.972748401586    -0.544882511147
Adsorbate-atom-position: 4 2    16.690493922419    15.950843557051    -1.692563443015
Adsorbate-atom-position: 4 3    16.688682009967    15.785985392009    -0.834783949617
Adsorbate-atom-position: 5 0    16.362643232243    13.483750025476    -6.285842432575
Adsorbate-atom-position: 5 1    16.377383890604    13.163013594953    -7.187586684017
Adsorbate-atom-position: 5 2    16.898761729288    14.276509720770    -6.304304895168
Adsorbate-atom-position: 5 3    16.433159850181    13.544174698267    -6.403639994149
Adsorbate-atom-position: 6 0    14.078496959185    17.140701864855    -0.911413728790
Adsorbate-atom-position: 6 1    14.972818401902    16.867693886285    -0.706749025883
Adsorbate-atom-position: 6 2    14.118121966508    17.428105528073    -1.823587414579
Adsorbate-atom-position: 6 3    14.198053372735    17.142544686172    -1.001983414605
Adsorbate-atom-position: 7 0    13.950385236596    17.003452528932    13.598531327892
Adsorbate-atom-position: 7 1    13.817463296829    17.104351646259    12.655990630663
Adsorbate-atom-position: 7 2    13.586875899930    16.141476987575    13.801240400560
Adsorbate-atom-position: 7 3    13.886836043832    16.906025564366    13.503823953974
Adsorbate-atom-position: 8 0    17.569040068552    14.687907256824     4.169431703330
Adsorbate-atom-position: 8 1    18.403976732327    14.229758164388     4.073452453143
Adsorbate-atom-position: 8 2    16.947869308571    14.163045456980     3.664556651569
Adsorbate-atom-position: 8 3    17.596404683296    14.562070002711     4.092515103450
Adsorbate-atom-position: 9 0    16.775494568846    13.815847148561    -3.713673242431
Adsorbate-atom-position: 9 1    16.747856169799    13.501178296953    -4.617250285415
Adsorbate-atom-position: 9 2    15.856467604571    13.881851442888    -3.454318828649
Adsorbate-atom-position: 9 3    16.654309980943    13.784015085123    -3.796141511433
Adsorbate-atom-position: 10 0    13.410898240539    14.532881648322     2.202285381484
Adsorbate-atom-position: 10 1    13.394326353423    15.489323528791     2.236580304215
Adsorbate-atom-position: 10 2    13.173861986817    14.256851218712     3.087640031459
Adsorbate-atom-position: 10 3    13.378433338762    14.619982523110     2.320011622246
Adsorbate-atom-position: 11 0    14.721014965772    16.651402531700    -8.646532483963
Adsorbate-atom-position: 11 1    15.601861606291    16.420804021999    -8.941770291658
Adsorbate-atom-position: 11 2    14.299927038070    17.028251630426    -9.419126526016
Adsorbate-atom-position: 11 3    14.779869627943    16.670124371590    -8.783227843987
Adsorbate-atom-position: 12 0    13.732430998178    13.771664262913    10.763156792399
Adsorbate-atom-position: 12 1    14.041598293718    14.665120795498    10.912765774855
Adsorbate-atom-position: 12 2    13.363024219414    13.790216048295     9.880305557511
Adsorbate-atom-position: 12 3    13.724719617544    13.888412330877    10.669292937613
Adsorbate-atom-position: 13 0    13.513497945567    14.311067947179    13.793016895475
Adsorbate-atom-position: 13 1    13.079900187750    13.956288508873    14.569133107426
Adsorbate-atom-position: 13 2    12.953909644546    14.045786552324    13.063141183599
Adsorbate-atom-position: 13 3    13.386358147372    14.231692679579    13.798936237370
Adsorbate-atom-position: 14 0    15.878528108833    13.850218067693    16.090677220604
Adsorbate-atom-position: 14 1    15.870637207097    13.333023356033    15.285270985351
Adsorbate-atom-position: 14 2    14.955146712030    13.943751925473    16.324878103115
Adsorbate-atom-position: 14 3    15.759314018938    13.795984366982    16.017556043933
Adsorbate-atom-position: 15 0    16.670326966093    16.665515821840    -6.322423102033
Adsorbate-atom-position: 15 1    15.715987532598    16.712510675682    -6.379515739667
Adsorbate-atom-position: 15 2    16.978989667072    17.047202417983    -7.144173988392
Adsorbate-atom-position: 15 3    16.587672554323    16.720392219426    -6.434925676240
Adsorbate-atom-position: 16 0    14.030131674150    13.802948329466     4.873228161051
Adsorbate-atom-position: 16 1    14.321856263219    14.714045603762     4.905327394458
Adsorbate-atom-position: 16 2    14.724588331868    13.345147802520     4.399540006290
Adsorbate-atom-position: 16 3    14.156374771890    13.860975782094     4.816699451404
Adsorbate-atom-position: 17 0    13.683736154507    14.264858806808    -5.868560879240
Adsorbate-atom-position: 17 1    13.363715089080    14.113368065192    -4.979252770219
Adsorbate-atom-position: 17 2    14.563929282574    13.888746957268    -5.874197706517
Adsorbate-atom-position: 17 3    13.755444936929    14.197319309682    -5.755440293795
Adsorbate-atom-position: 18 0    17.386303898120    14.703823366968     7.155454757072
Adsorbate-atom-position: 18 1    17.319084308777    15.629681027548     7.388909161691
Adsorbate-atom-position: 18 2    17.516302426457    14.704271364827     6.207123579787
Adsorbate-atom-position: 18 3    17.394340359731    14.822401667008     7.063941905274
Adsorbate-atom-position: 19 0    14.042822253216    17.229567262736     2.057118887101
Adsorbate-atom-position: 19 1    13.874497667689    17.468028124242     1.145507626026
Adsorbate-atom-position: 19 2    14.997045194993    17.193886082510     2.123581437807
Adsorbate-atom-position: 19 3    14.143426724579    17.255525508451     1.948929655562
Adsorbate-atom-position: 20 0    13.257314754454    14.655697402078    16.634296163323
Adsorbate-atom-position: 20 1    13.066237341051    14.370339471125    17.527768106481
Adsorbate-atom-position: 20 2    13.689062016214    15.503398345820    16.740264327522
Adsorbate-atom-position: 20 3    13.288123398695    14.727684092312    16.762236555182
Adsorbate-atom-position: 21 0    16.787514155293    17.107433978690     8.172801710526
Adsorbate-atom-position: 21 1    17.086201732467    16.787684307451     9.024140490840
Adsorbate-atom-position: 21 2    15.877899428676    17.366857022074     8.319541526406
Adsorbate-atom-position: 21 3    16.709308109406    17.099711442492     8.300567812530
Adsorbate-atom-position: 22 0    15.863501254392    13.435618133861     2.319581311266
Adsorbate-atom-position: 22 1    16.177456353581    13.366453890179     1.417982540763
Adsorbate-atom-position: 22 2    15.005058350833    13.852172008645     2.243486037994
Adsorbate-atom-position: 22 3    15.793800246257    13.480088197854     2.194424677908
Adsorbate-atom-position: 23 0    17.070755860748    16.418076840054   -11.858689202839
Adsorbate-atom-position: 23 1    17.419144059611    16.621626327149   -12.726689841709
Adsorbate-atom-position: 23 2    16.297959395281    16.976399319091   -11.773287374724
Adsorbate-atom-position: 23 3    17.016426482191    16.515605643607   -11.958871292571
Adsorbate-atom-position: 24 0    16.812124911371    16.616195305829     1.968568728131
Adsorbate-atom-position: 24 1    17.328037519585    16.492605068646     1.171830707299
Adsorbate-atom-position: 24 2    17.234078879359    16.053066712261     2.617470011754
Adsorbate-atom-position: 24 3    16.932183148365    16.528287010318     1.949643842137
Adsorbate-atom-position: 25 0    13.578093400960    14.084240453422    19.289287493088
Adsorbate-atom-position: 25 1    14.441324583802    13.843824514833    18.952740406747
Adsorbate-atom-position: 25 2    13.557914812144    13.725388871071    20.176445994304
Adsorbate-atom-position: 25 3    13.686014304318    14.007526980655    19.359772397249
Adsorbate-atom-position: 26 0    17.302151227199    16.434179884065    10.661574226680
Adsorbate-atom-position: 26 1    17.577058692640    15.529484007921    10.512634315928
Adsorbate-atom-position: 26 2    17.392882951778    16.560168289379    11.606098718562
Adsorbate-atom-position: 26 3    17.348957454912    16.334495932792    10.763418651692
Adsorbate-atom-position: 27 0    14.310474236553    16.498445227945    10.913454295988
Adsorbate-atom-position: 27 1    13.880755132508    17.067657573920    10.275041704719
Adsorbate-atom-position: 27 2    15.245999168272    16.648270558204    10.777155681075
Adsorbate-atom-position: 27 3    14.375223484978    16.590490725601    10.814281914804
Adsorbate-atom-position: 28 0    16.838705376528    16.433908289888    16.060647570702
Adsorbate-atom-position: 28 1    16.715880529593    15.484876192657    16.038648132476
Adsorbate-atom-position: 28 2    16.914146916294    16.687521419912    15.140744970293
Adsorbate-atom-position: 28 3    16.832639741536    16.344886271944    15.940072745829
Adsorbate-atom-position: 29 0    14.500665209200    16.518643263246     4.858495636504
Adsorbate-atom-position: 29 1    14.301792681754    17.018169582758     4.066564443896
Adsorbate-atom-position: 29 2    15.344862380605    16.860911458707     5.152460699139
Adsorbate-atom-position: 29 3    14.583274549387    16.626403117307     4.794749963969
Adsorbate-atom-position: 30 0    16.430630284811    13.708914800761    -9.171454987459
Adsorbate-atom-position: 30 1    16.605488346080    13.292369671612   -10.015342808009
Adsorbate-atom-position: 30 2    15.477724146193    13.793186077398    -9.138287491315
Adsorbate-atom-position: 30 3    16.331030743859    13.666379738798    -9.275236970221
Adsorbate-atom-position: 31 0    16.439490559766    13.618770719144    10.253877289242
Adsorbate-atom-position: 31 1    16.729636761558    12.792621982796     9.867192292250
Adsorbate-atom-position: 31 2    15.533530547662    13.715934072493     9.960572705036
Adsorbate-atom-position: 31 3    16.360658962331    13.525451795004    10.166830418861
Adsorbate-atom-position: 32 0    13.978320481729    17.032659074309     8.070194601647
Adsorbate-atom-position: 32 1    14.106385591046    17.379507368380     7.187286096445
Adsorbate-atom-position: 32 2    13.794383356363    16.102600373551     7.938324260257
Adsorbate-atom-position: 32 3    13.971168189586    16.958001105894     7.940290666105
Adsorbate-atom-position: 33 0    13.455785658133    14.420952338967    -0.375059159077
Adsorbate-atom-position: 33 1    13.691168492134    15.340151910934    -0.501150032010
Adsorbate-atom-position: 33 2    13.114410072171    14.381008050565     0.518304710248
Adsorbate-atom-position: 33 3    13.442217307093    14.533507623367    -0.276838958488
Adsorbate-atom-position: 34 0    13.932850318715    14.077081962886    -8.666748203159
Adsorbate-atom-position: 34 1    14.198272401757    14.926609465107    -8.314489802712
Adsorbate-atom-position: 34 2    13.428894264575    13.671568215073    -7.961185494597
Adsorbate-atom-position: 34 3    13.902315092532    14.133921080420    -8.531334338728
Adsorbate-atom-position: 35 0    16.372373436119    13.342760220063    18.885224487542
Adsorbate-atom-position: 35 1    16.254524721905    13.400270945270    17.937049378754
Adsorbate-atom-position: 35 2    16.901172807352    14.108833653349    19.108236952842
Adsorbate-atom-position: 35 3    16.424980078285    13.448188928789    18.792394920181
Adsorbate-atom-position: 36 0    17.264688605972    16.485361236704    -3.613186523734
Adsorbate-atom-position: 36 1    17.560971025905    15.577579576590    -3.546997211293
Adsorbate-atom-position: 36 2    17.310662445871    16.685246463875    -4.548153978722
Adsorbate-atom-position: 36 3    17.308501536509    16.394741952607    -3.724400607678
Adsorbate-atom-position: 37 0    13.904417086304    16.988415808761    -5.978794865666
Adsorbate-atom-position: 37 1    13.590404689149    16.086424726709    -6.042356978688
Adsorbate-atom-position: 37 2    13.956967969765    17.288736938138    -6.886141251441
Adsorbate-atom-position: 37 3    13.870946858051    16.911394795747    -6.103082867399
Adsorbate-atom-position: 38 0    14.161872362985    14.128562169352    -2.970964189362
Adsorbate-atom-position: 38 1    14.242072026044    15.055546306897    -3.195686824330
Adsorbate-atom-position: 38 2    13.899810813108    14.126606294408    -2.050338446451
Adsorbate-atom-position: 38 3    14.138591847332    14.246976947313    -2.881880195563
Adsorbate-atom-position: 39 0    17.486854792443    16.177820956870    -9.052849207194
Adsorbate-atom-position: 39 1    17.460567288417    15.227927573671    -9.167929038481
Adsorbate-atom-position: 39 2    17.497177178814    16.527319822240    -9.943902421838
Adsorbate-atom-position: 39 3    17.484811064766    16.100963214904    -9.181646375940
Adsorbate-atom-position: 40 0    14.007097607691    16.963742851923    19.407094281068
Adsorbate-atom-position: 40 1    13.832800799997    16.023376997964    19.446648337973
Adsorbate-atom-position: 40 2    13.765154655375    17.215381128142    18.515817878571
Adsorbate-atom-position: 40 3    13.953813896530    16.875577412562    19.298063544911
Adsorbate-atom-position: 41 0    14.501266484717    16.813443648359    -3.466706326753
Adsorbate-atom-position: 41 1    15.420668891980    17.079769983516    -3.465550211589
Adsorbate-atom-position: 41 2    14.211903955825    16.953749563586    -4.368269090462
Adsorbate-atom-position: 41 3    14.581919190499    16.865497482375    -3.581969241059
Adsorbate-atom-position: 42 0    16.311798583549    13.794777672531    13.022276858556
Adsorbate-atom-position: 42 1    15.368157177883    13.903792308169    13.140126536590
Adsorbate-atom-position: 42 2    16.417969368848    13.616842348135    12.087772377795
Adsorbate-atom-position: 42 3    16.204592240165    13.785954992851    12.917735190971
Adsorbate-atom-velocity: 0 0     3.173804471124    -2.350745452568    -4.289963616304
Adsorbate-atom-velocity: 0 1     2.253865694556    -1.223825215366     2.406645675870
Adsorbate-atom-velocity: 0 2     4.982630209768     2.242817884445    13.557146219008
Adsorbate-atom-velocity: 0 3     3.287592726578    -1.618454538162    -1.148071451134
Adsorbate-atom-velocity: 1 0     1.740176537087    -3.570765992778    -5.402641494162
Adsorbate-atom-velocity: 1 1    -0.306872866668    -3.579504804588    -5.128346413752
Adsorbate-atom-velocity: 1 2     5.138929889162     6.820433999796   -10.927270780388
Adsorbate-atom-velocity: 1 3     1.913210950608    -2.241685698566    -6.074747617121
Adsorbate-atom-velocity: 2 0     3.028682977185     0.394250058214    -2.320225374347
Adsorbate-atom-velocity: 2 1    -6.958828051979   -17.186983473467    -2.975314822953
Adsorbate-atom-velocity: 2 2     1.456833907787     0.583351832670    -9.423007453693
Adsorbate-atom-velocity: 2 3     1.548945422359    -1.832152640570    -3.313326527659
Adsorbate-atom-velocity: 3 0    -1.308749652712     2.471328096522     4.753576654311
Adsorbate-atom-velocity: 3 1    10.028742675222     3.816280544691     8.661904962756
Adsorbate-atom-velocity: 3 2     1.558340102893     9.636439144836    -5.331878715172
Adsorbate-atom-velocity: 3 3     0.509608230458     3.560718896907     3.962829864245
Adsorbate-atom-velocity: 4 0    -0.461833487779     5.898967000231    -0.231477595151
Adsorbate-atom-velocity: 4 1   -27.241852785815    10.152492558776    -1.368409879524
Adsorbate-atom-velocity: 4 2    -8.873451284949     9.406455333832     0.146250131949
Adsorbate-atom-velocity: 4 3    -4.966787618594     6.892470414072    -0.328664938188
Adsorbate-atom-velocity: 5 0    -4.848431452026    -0.679618140405     4.955325827457
Adsorbate-atom-velocity: 5 1    -7.630856953576     6.429190854028     2.381349001807
Adsorbate-atom-velocity: 5 2     4.822178427501    -7.054808963958    12.029057120986
Adsorbate-atom-velocity: 5 3    -3.966660746576    -0.585706163523     5.531348688311
Adsorbate-atom-velocity: 6 0     2.802704315185    -0.331820277636    -4.672687188803
Adsorbate-atom-velocity: 6 1     0.252436699940    -5.680718266783    -0.663851401626
Adsorbate-atom-velocity: 6 2     7.548038572499    -5.170891971500    -5.991222293942
Adsorbate-atom-velocity: 6 3     3.083699328570    -1.636003313621    -4.328296243366
Adsorbate-atom-velocity: 7 0     0.230019553271    -3.242636181172     1.025471065651
Adsorbate-atom-velocity: 7 1    21.178915821230    -6.200358351015    -2.245474680471
Adsorbate-atom-velocity: 7 2   -11.253158562222     0.649496451955    -3.016377260745
Adsorbate-atom-velocity: 7 3     1.441745679473    -3.123020368328     0.089345196438
Adsorbate-atom-velocity: 8 0     2.608088108741    -0.546831823848     3.819747969445
Adsorbate-atom-velocity: 8 1     3.703954922023     3.279296766877    -4.910867853501
Adsorbate-atom-velocity: 8 2    -2.253966165288    -8.680026019784    18.256921815136
Adsorbate-atom-velocity: 8 3     2.125970675192    -1.098188185514     4.550256245254
Adsorbate-atom-velocity: 9 0     0.796574911270    -0.243169299222     5.671528020362
Adsorbate-atom-velocity: 9 1    -6.299326926251    16.730685672520    -0.022534400426
Adsorbate-atom-velocity: 9 2     2.850385321429    -5.765870903986    14.354739290218
Adsorbate-atom-velocity: 9 3     0.151126376376     1.222716488461     6.054175136743
Adsorbate-atom-velocity: 10 0    -3.491543807381    -1.727666540297     0.097855919194
Adsorbate-atom-velocity: 10 1   -10.312480441548    -2.291296961528    12.520801186899
Adsorbate-atom-velocity: 10 2    13.475453914386   -14.803115407171     0.563852013314
Adsorbate-atom-velocity: 10 3    -2.192725577231    -3.473633242933     1.747795916947
Adsorbate-atom-velocity: 11 0    -2.614022369773     2.469172930403    -8.935135523908
Adsorbate-atom-velocity: 11 1   -11.349992998518   -24.163048601293   -14.197672178348
Adsorbate-atom-velocity: 11 2    -3.690647778181    -6.643038673487   -12.793015090609
Adsorbate-atom-velocity: 11 3    -3.870153050252    -2.106545762994   -10.102658836877
Adsorbate-atom-velocity: 12 0    -0.786027304813    -0.361487935588    -0.039154416000
Adsorbate-atom-velocity: 12 1   -12.259593139837     4.504389193324    -5.387752976379
Adsorbate-atom-velocity: 12 2   -19.527587629533    -5.301979606227     7.698960701753
Adsorbate-atom-velocity: 12 3    -4.653927994917    -0.371039497144     0.266732532558
Adsorbate-atom-velocity: 13 0    -2.494900953354     2.023361745300    -8.911326563906
Adsorbate-atom-velocity: 13 1    26.038098857918   -33.281861165917    -9.109392793401
Adsorbate-atom-velocity: 13 2     3.142108411649   -17.218936412166    -6.239338483887
Adsorbate-atom-velocity: 13 3     1.879272478027    -4.959379060400    -8.594634719486
Adsorbate-atom-velocity: 14 0    -2.917322878189    -0.206373634388    -6.741952341079
Adsorbate-atom-velocity: 14 1    -1.380925971474     6.199464756509   -10.870538824516
Adsorbate-atom-velocity: 14 2    -3.372259668210    -1.936027405834    -7.844847325887
Adsorbate-atom-velocity: 14 3    -2.778882935573     0.392234414475    -7.411645086174
Adsorbate-atom-velocity: 15 0    -0.526535932748    -1.110836439867     3.026568697166
Adsorbate-atom-velocity: 15 1     0.394506922153    -4.801116624922   -15.406835992460
Adsorbate-atom-velocity: 15 2    13.275544606488   -28.243119442602    -4.391544733217
Adsorbate-atom-velocity: 15 3     1.358201494314    -5.056496398211    -0.282737517475
Adsorbate-atom-velocity: 16 0     1.159249170112    -2.788944451204     0.940836554099
Adsorbate-atom-velocity: 16 1    -2.034356814278    -2.282985262961    15.603970410479
Adsorbate-atom-velocity: 16 2     4.574474390631     6.571827515238    -3.099037417037
Adsorbate-atom-velocity: 16 3     1.187619106144    -1.525883822547     2.300741987691
Adsorbate-atom-velocity: 17 0     1.944057242470    -6.966086052103     1.998789434619
Adsorbate-atom-velocity: 17 1     1.266463002636   -11.428201038976     0.994847684802
Adsorbate-atom-velocity: 17 2     3.341879380189    -3.692411822079     1.836600756566
Adsorbate-atom-velocity: 17 3     2.036255102858    -7.118220807366     1.849510670637
Adsorbate-atom-velocity: 18 0    -4.965479907643    -4.050568894135    -6.630428936922
Adsorbate-atom-velocity: 18 1    -2.927936729110    -2.617681470125   -11.726443229233
Adsorbate-atom-velocity: 18 2    -3.000793520588    -9.481683187208    -6.363672747268
Adsorbate-atom-velocity: 18 3    -4.453146236857    -4.562390171474    -7.248632238448
Adsorbate-atom-velocity: 19 0     1.801097607683     7.090503135572     0.579567534244
Adsorbate-atom-velocity: 19 1    13.681749301928     6.547581905785    -1.756155297763
Adsorbate-atom-velocity: 19 2     0.615205272094    -9.330225264036     8.790126681266
Adsorbate-atom-velocity: 19 3     3.170155836503     4.918951318733     1.331617461719
Adsorbate-atom-velocity: 20 0    -3.643370475308     3.222350452626     5.124765186019
Adsorbate-atom-velocity: 20 1     5.027670434717     0.133609073462     5.992663977174
Adsorbate-atom-velocity: 20 2    10.053291667568    -3.674079573339     4.488855953476
Adsorbate-atom-velocity: 20 3    -0.780034621042     1.944128042946     5.154462648446
Adsorbate-atom-velocity: 21 0     4.794469672133    -2.263760621679     1.503818620225
Adsorbate-atom-velocity: 21 1     7.272804595572   -20.147955457837    -6.082718516704
Adsorbate-atom-velocity: 21 2    -2.805103599863   -29.872892184966     3.205886798544
Adsorbate-atom-velocity: 21 3     4.138889376428    -8.087455272008     0.750535598153
Adsorbate-atom-velocity: 22 0     5.001547781483    -0.678880489561     1.822033202476
Adsorbate-atom-velocity: 22 1     4.802096922555    22.259596901747    -0.007096459354
Adsorbate-atom-velocity: 22 2     6.334263886506     4.084541285432    12.862943874844
Adsorbate-atom-velocity: 22 3     5.146619405684     2.867296823618     3.001252310792
Adsorbate-atom-velocity: 23 0     5.725722548155     0.968319804604     0.092875503508
Adsorbate-atom-velocity: 23 1    -9.004286587170   -20.272413507200   -10.800321228853
Adsorbate-atom-velocity: 23 2     9.046136619176     5.447516104662     0.855953731120
Adsorbate-atom-velocity: 23 3     4.265156724610    -1.177359158713    -1.203901883692
Adsorbate-atom-velocity: 24 0    -0.736843908903     1.288988098895     8.158351738296
Adsorbate-atom-velocity: 24 1   -24.815618858372   -22.347615912761    -3.766885720376
Adsorbate-atom-velocity: 24 2    17.136389194676    18.335206727567    11.329144500038
Adsorbate-atom-velocity: 24 3    -1.531228134251     0.445339257711     7.037677195827
Adsorbate-atom-velocity: 25 0     1.452923008219    -1.387388937032    -2.887845134362
Adsorbate-atom-velocity: 25 1     0.603823610151    -8.466313098798    -0.008850907023
Adsorbate-atom-velocity: 25 2     5.560202657658    21.519754542378     6.471411166007
Adsorbate-atom-velocity: 25 3     1.870009389925     0.638814101081    -1.321201413878
Adsorbate-atom-velocity: 26 0    -0.646949511326    -0.321658887069     4.488786175743
Adsorbate-atom-velocity: 26 1    -4.549108761803    -1.277843475015     3.094422135231
Adsorbate-atom-velocity: 26 2    15.189969313463     2.830070386973     2.547076545160
Adsorbate-atom-velocity: 26 3     0.880843705543    -0.040602678281     4.061728496538
Adsorbate-atom-velocity: 27 0     4.608327336471    -2.861839548303     0.383198260564
Adsorbate-atom-velocity: 27 1     1.961162699239    -7.528626671975    -1.995914638258
Adsorbate-atom-velocity: 27 2     3.732116072232     7.432484671771     5.685035284968
Adsorbate-atom-velocity: 27 3     4.157292712000    -2.141446904444     0.757342210933
Adsorbate-atom-velocity: 28 0    -7.482899416233    -3.779553231899     0.701007573362
Adsorbate-atom-velocity: 28 1   -37.280541787036     0.038040759431     2.377033609436
Adsorbate-atom-velocity: 28 2    -7.461698969788    -6.736541089971    -0.112482410763
Adsorbate-atom-velocity: 28 3   -11.294643231538    -3.669385263738     0.811422594400
Adsorbate-atom-velocity: 29 0     1.526287932504     3.005097789704     4.171192562693
Adsorbate-atom-velocity: 29 1   -23.327614655163     6.589190095434    12.673328765490
Adsorbate-atom-velocity: 29 2     3.859819579245    11.736633533167   -12.696416647793
Adsorbate-atom-velocity: 29 3    -1.356591253348     4.581646766488     3.100311089340
Adsorbate-atom-velocity: 30 0     4.165938730673     2.130694415212    -0.488752683178
Adsorbate-atom-velocity: 30 1   -12.549110762505   -46.154697316122    19.881589402279
Adsorbate-atom-velocity: 30 2     4.647652658831     1.586864792792    14.732697062745
Adsorbate-atom-velocity: 30 3     2.087875925220    -4.120035036418     4.067426081683
Adsorbate-atom-velocity: 31 0     4.367413630224    -3.437468251345     0.910056335237
Adsorbate-atom-velocity: 31 1     6.525900207449     6.447312336922   -18.589076987042
Adsorbate-atom-velocity: 31 2     6.564947015056     4.931908532606    -3.105157614943
Adsorbate-atom-velocity: 31 3     4.925036740194    -1.100715873612    -2.100063813248
Adsorbate-atom-velocity: 32 0    -0.415419847813    -0.551562270170    -0.053747539735
Adsorbate-atom-velocity: 32 1   -12.720641060159    22.102710859510     7.061062717175
Adsorbate-atom-velocity: 32 2     1.027179170647     2.153599787050   -21.144972416227
Adsorbate-atom-velocity: 32 3    -1.805966544787     2.694751392116    -1.842897234708
Adsorbate-atom-velocity: 33 0    -2.284309290604    -0.659392643824    -2.978081223421
Adsorbate-atom-velocity: 33 1     4.080686772909    -2.374971932082    -3.602622348211
Adsorbate-atom-velocity: 33 2   -14.609901426765     4.780443472517    -7.444755992956
Adsorbate-atom-velocity: 33 3    -3.047337501737    -0.182642837144    -3.629818282767
Adsorbate-atom-velocity: 34 0     1.547357586542     2.870733547953    -6.961411148786
Adsorbate-atom-velocity: 34 1    -6.959056747669    10.915795209341   -19.953893147248
Adsorbate-atom-velocity: 34 2    -9.218924045933    15.902292134567    -7.161615390361
Adsorbate-atom-velocity: 34 3    -0.919780019821     5.568795226441    -8.650234155593
Adsorbate-atom-velocity: 35 0     4.539121205156    10.262964224614    -3.976476358252
Adsorbate-atom-velocity: 35 1    -1.637109170821     5.275413977098    -3.511347952463
Adsorbate-atom-velocity: 35 2    -2.720968364482    17.036088964195   -10.028066891495
Adsorbate-atom-velocity: 35 3     2.819110144625    10.491539302328    -4.691610910522
Adsorbate-atom-velocity: 36 0    -3.088376758547    -2.424413725607     2.599628358788
Adsorbate-atom-velocity: 36 1    -7.066567948754    -3.612335429461     4.114896801429
Adsorbate-atom-velocity: 36 2     7.379866234872    -0.971287051417     3.425030225625
Adsorbate-atom-velocity: 36 3    -2.257571826086    -2.390464289740     2.899262398291
Adsorbate-atom-velocity: 37 0     7.190719989744     4.297977074305    -2.827531610538
Adsorbate-atom-velocity: 37 1   -15.291640208593    12.322201183087    -5.628551879573
Adsorbate-atom-velocity: 37 2     8.047772233204     8.087229759606    -1.523694931344
Adsorbate-atom-velocity: 37 3     4.422419664928     5.810244632043    -3.019189173368
Adsorbate-atom-velocity: 38 0     5.597834820949     2.232969591559    -0.338683632842
Adsorbate-atom-velocity: 38 1    -1.516622377913     8.438052140502    22.718344091934
Adsorbate-atom-velocity: 38 2     3.712033179749   -22.643886399641    -0.928339227778
Adsorbate-atom-velocity: 38 3     4.445693102442    -0.157242681623     2.537411065766
Adsorbate-atom-velocity: 39 0    -9.792663512315     3.519861585326    -4.170424073758
Adsorbate-atom-velocity: 39 1   -11.247674082799     4.334607347978   -10.563142975694
Adsorbate-atom-velocity: 39 2   -10.826450764650     9.544335629346    -1.819413318212
Adsorbate-atom-velocity: 39 3   -10.111259660665     4.395364234898    -4.687811479191
Adsorbate-atom-velocity: 40 0    -5.043509433152    -1.733942435469    -2.031420375822
Adsorbate-atom-velocity: 40 1     5.874351679150    -3.904726544486    -5.529997374895
Adsorbate-atom-velocity: 40 2   -11.316668247112    -0.559602232428     0.003027639525
Adsorbate-atom-velocity: 40 3    -4.448931501221    -1.861499277403    -2.218846550269
Adsorbate-atom-velocity: 41 0    -1.506462471804     2.928438245422    -4.734993564825
Adsorbate-atom-velocity: 41 1   -11.577483825989    37.661010313300     3.155783668035
Adsorbate-atom-velocity: 41 2    -6.956500339850    19.196067782016    -0.454114244913
Adsorbate-atom-velocity: 41 3    -3.493345311856     9.457079361745    -3.176874676581
Adsorbate-atom-velocity: 42 0     0.445995153916     2.012231410913    -0.725583623173
Adsorbate-atom-velocity: 42 1     0.468707403222    11.639031955845    -9.448814369817
Adsorbate-atom-velocity: 42 2     7.068715181546    -1.228428942340     0.643877266213
Adsorbate-atom-velocity: 42 3     1.296690661659     2.829734403418    -1.666954887201
Adsorbate-atom-force:    0 0  1470.730063292853  5113.284334863898  3904.450535106016
Adsorbate-atom-force:    0 1 -3826.249636914968 -11042.684349905901 -1600.453110239543
Adsorbate-atom-force:    0 2 -9090.706911735822  -944.180230885950    16.201786987408
Adsorbate-atom-force:    0 3  9162.917455601988  8973.378698471639  -317.496480287050
Adsorbate-atom-force:    1 0  -112.637508764095 -4540.332599733763   352.372102786145
Adsorbate-atom-force:    1 1  1041.816977581459 -3748.686793602372 -8109.055693698622
Adsorbate-atom-force:    1 2  6382.395509342097  -138.808874382492 -5058.912495299959
Adsorbate-atom-force:    1 3 -7564.647636231231  7212.130050178853 10978.345596307157
Adsorbate-atom-force:    2 0 -2730.603120367438 11792.965932736028   880.886050660090
Adsorbate-atom-force:    2 1  1523.162757911624  3042.843107442166 -8531.021199404891
Adsorbate-atom-force:    2 2 12326.622174177495   340.670608314275 -4544.250162758922
Adsorbate-atom-force:    2 3 -10716.971840744449 -10560.067830823977 13950.002684782516
Adsorbate-atom-force:    3 0  5935.619051967044 -11807.252043160510 -2793.754592830735
Adsorbate-atom-force:    3 1 -1340.854966369727 -4576.164646529037 -6078.298470071835
Adsorbate-atom-force:    3 2 -12785.539676346416   975.911845951970   615.053676570138
Adsorbate-atom-force:    3 3 12747.866087636943  9978.423546451933  8309.784708661840
Adsorbate-atom-force:    4 0  4582.282037675785  6469.935457746792 -2945.702350184063
Adsorbate-atom-force:    4 1 -2387.206687133311 -9878.384744175461  1382.794008885835
Adsorbate-atom-force:    4 2  3163.831199714484    60.348265872143 -6006.441052968192
Adsorbate-atom-force:    4 3 -4413.183614309948  8095.447758386549  5782.038223868429
Adsorbate-atom-force:    5 0  1246.129302558829 -1961.533949333606 -7010.420443354511
Adsorbate-atom-force:    5 1  2877.022958720623  1009.165136175532 -8448.284114683904
Adsorbate-atom-force:    5 2  3049.817117212745  6279.445291129593 -5597.593862348608
Adsorbate-atom-force:    5 3 -8062.185625807447 -2797.051178080149 16735.812352918561
Adsorbate-atom-force:    6 0 -2048.971838223177  3889.726101293570  7429.942917301923
Adsorbate-atom-force:    6 1  9494.055635258737   244.760785196109 -2198.219240539218
Adsorbate-atom-force:    6 2  1792.518151350498  -435.389796939957 -9633.670508995425
Adsorbate-atom-force:    6 3 -7203.344328202107 -6890.263250582152 12671.615287296792
Adsorbate-atom-force:    7 0  -608.566404833863  5316.382143390482  2156.666686043030
Adsorbate-atom-force:    7 1 -1220.305941738644 -3293.243653924233 -7687.255189777568
Adsorbate-atom-force:    7 2 -2588.132074829437 -9950.249910317474 -2625.978948777653
Adsorbate-atom-force:    7 3  7982.059986866674  6689.450106318360  9489.332740618021
Adsorbate-atom-force:    8 0   535.200782853549  1377.980944635835  1733.520592672811
Adsorbate-atom-force:    8 1   909.633770473063 -2786.368687791140 -1832.785940262642
Adsorbate-atom-force:    8 2 -4507.123531233889 -6331.157110812950 -7264.236313842632
Adsorbate-atom-force:    8 3  1134.071925547616  8609.394977036683  6118.973697282914
Adsorbate-atom-force:    9 0  4908.491791886310 -4537.724453173921  7062.265720476626
Adsorbate-atom-force:    9 1 -4387.889752757141 -4210.958158612795 -8621.084012648462
Adsorbate-atom-force:    9 2 -10495.883458726479 -1612.018265729589 -2282.324082907623
Adsorbate-atom-force:    9 3  9439.382775020997  7733.374277609937  9155.312511171169
Adsorbate-atom-force:    10 0 -6764.704614012720   205.373722607592  8537.325150979819
Adsorbate-atom-force:    10 1   854.120811740760 10703.264966759607  3233.300196664156
Adsorbate-atom-force:    10 2 -2115.269637559204   346.304731884433  8637.423423276698
Adsorbate-atom-force:    10 3  7367.869656751908 -9923.858862561156 -13748.830376464104
Adsorbate-atom-force:    11 0  -331.346567015676  6255.995828709411  -941.179354219472
Adsorbate-atom-force:    11 1  9009.715844033777   -17.112549580629 -4029.140953927948
Adsorbate-atom-force:    11 2  -402.891915768050  2209.376913115326 -9586.206285210043
Adsorbate-atom-force:    11 3 -7001.042399838095 -5682.880266975391 14884.682606698610
Adsorbate-atom-force:    12 0 -3406.019359006136 -1849.276228012824   566.858968105293
Adsorbate-atom-force:    12 1  -295.850342132252 10586.418065150141  -906.838572360238
Adsorbate-atom-force:    12 2 -1889.330673440438  2614.668258909062 -4146.661552448536
Adsorbate-atom-force:    12 3  4740.920543059085 -7277.772632599076  3109.904312240401
Adsorbate-atom-force:    13 0 -1525.345263909433 -4300.224900714187  -948.011395027967
Adsorbate-atom-force:    13 1 -3523.205109429491  -986.810223052076  5205.329529223278
Adsorbate-atom-force:    13 2 -3125.649987561247 -3344.614994096878 -3690.620166945187
Adsorbate-atom-force:    13 3  9856.273471602246  8480.954105746083 -1999.379601841974
Adsorbate-atom-force:    14 0  1620.407935521118 -5318.125239972489 -2021.423427903787
Adsorbate-atom-force:    14 1 -1212.707731791406 -2148.949319740687 -5344.140595413853
Adsorbate-atom-force:    14 2 -10839.515656752135  1188.387823341917 -2760.353087361003
Adsorbate-atom-force:    14 3 10529.792502333479  6182.104997882356 10468.232823909520
Adsorbate-atom-force:    15 0  2914.836491755286   895.270182772073 -1430.120896505205
Adsorbate-atom-force:    15 1 -7478.024905968761  1830.827343764328 -1531.221433842401
Adsorbate-atom-force:    15 2   154.705493934338    63.646654474144 -6177.806444096652
Adsorbate-atom-force:    15 3  6764.542919119146 -4397.518018202033 11243.227384093057
Adsorbate-atom-force:    16 0  -259.171006515993 -5055.301702073619  1527.811937592537
Adsorbate-atom-force:    16 1  3499.845205165472 10644.966419689188 -1580.352748740646
Adsorbate-atom-force:    16 2  3712.826012487112  -593.036602401927 -2123.327394491107
Adsorbate-atom-force:    16 3 -6956.490813317560 -3804.017060259499  2835.672637955762
Adsorbate-atom-force:    17 0 -3761.227642719797 -3697.856457455765  2213.260122595452
Adsorbate-atom-force:    17 1  1547.973279647892 -4076.225804336520  6841.902551353641
Adsorbate-atom-force:    17 2  8669.040312833969 -4168.866034789055  1858.353756736089
Adsorbate-atom-force:    17 3 -6633.638573425230 10986.387349870740 -9914.267939762653
Adsorbate-atom-force:    18 0  1368.781719150614 -5835.997779995465 -1417.143213069715
Adsorbate-atom-force:    18 1 -1692.994208258782  9698.313113999169  1488.948204999237
Adsorbate-atom-force:    18 2   331.576717630968  2681.228550001043 -5095.545321507646
Adsorbate-atom-force:    18 3 -2349.346641382410 -8586.759149390806  3460.349392505529
Adsorbate-atom-force:    19 0 -1078.507382768204  3493.035938942924  -491.976957123167
Adsorbate-atom-force:    19 1  1722.612789147078  2761.310085692886 -7054.505931253536
Adsorbate-atom-force:    19 2 10972.977544756555  -403.131994833883 -5019.746233606288
Adsorbate-atom-force:    19 3 -9321.212208022085 -8057.887166578366 11632.766476815998
Adsorbate-atom-force:    20 0 -6841.207195785520 -6987.660994979015 -1133.917420262953
Adsorbate-atom-force:    20 1 -2249.021741898226  1092.209708392320  9485.937008022749
Adsorbate-atom-force:    20 2  2206.690119433203 13223.953457235075  1148.828864943489
Adsorbate-atom-force:    20 3  6232.490407644321 -11609.561236198644 -10386.787435241422
Adsorbate-atom-force:    21 0  -616.426252710177  7545.067170902178 -5621.417665234152
Adsorbate-atom-force:    21 1   773.612759831130   813.615116635440 12349.357034346926
Adsorbate-atom-force:    21 2 -5742.081508559953  -715.803456934830  3298.017141643254
Adsorbate-atom-force:    21 3  4418.994263933607 -5515.524704903097 -12983.291247693838
Adsorbate-atom-force:    22 0  3943.065790255671 -4217.336083893857  1741.634979508598
Adsorbate-atom-force:    22 1 -3175.673048072924  -717.468540481580 -9427.634431523336
Adsorbate-atom-force:    22 2 -9834.581259058990  4305.844520565404 -6239.042043122121
Adsorbate-atom-force:    22 3  9367.746364710574    -0.322149488663 16703.046605443764
Adsorbate-atom-force:    23 0   506.335752195296   679.328778832122  -593.605290199628
Adsorbate-atom-force:    23 1 -1061.620612473614  2519.694868421376 -7449.582429234748
Adsorbate-atom-force:    23 2 -5173.583170940113  2911.799096683592 -3625.079009201581
Adsorbate-atom-force:    23 3  3796.079280532129 -7139.809446018648 12259.754026932409
Adsorbate-atom-force:    24 0  2938.574631004161  1325.728110988095  2452.574706127404
Adsorbate-atom-force:    24 1  1538.030725180680 -1849.488290921706 -5146.431405477293
Adsorbate-atom-force:    24 2  3289.306792485548 -3860.122236608241  2926.849582052185
Adsorbate-atom-force:    24 3 -9805.980576880111  5654.494767502017  2903.140931331493
Adsorbate-atom-force:    25 0  -510.572317728067 -1536.707439304568  2549.067975543141
Adsorbate-atom-force:    25 1  8344.616367566903 -4806.139463357856  3526.697696479449
Adsorbate-atom-force:    25 2  1386.297849250836 -1849.258714537327  7242.974058932790
Adsorbate-atom-force:    25 3 -6070.315174951719 10550.537869746480 -11352.416305573555
Adsorbate-atom-force:    26 0  3795.425672411549 -1354.124744516532   888.820912628418
Adsorbate-atom-force:    26 1  1065.147843845748 -6603.506638890314  3087.980908417473
Adsorbate-atom-force:    26 2   946.567205892485 -1392.055841573313 11752.543481429668
Adsorbate-atom-force:    26 3 -8309.688339346996  6725.625383385857 -15366.348447829407
Adsorbate-atom-force:    27 0   -24.086736196087  2816.786598617578 -2172.957778992376
Adsorbate-atom-force:    27 1   687.418443819211  2910.602122924947 -7756.895452725941
Adsorbate-atom-force:    27 2  7973.860629230052  1974.613992144422 -3488.486314094479
Adsorbate-atom-force:    27 3 -7112.101148155381 -8481.573942676503 12160.684580537232
Adsorbate-atom-force:    28 0  8974.610904380937  2692.612210514253   554.700513049065
Adsorbate-atom-force:    28 1 -1121.907504581674 -10040.917436949960 -3170.842233852831
Adsorbate-atom-force:    28 2  3528.866510372113 -1261.162442432872 -10174.001188210597
Adsorbate-atom-force:    28 3 -8594.395781584923  8704.315932733967 12079.828248130048
Adsorbate-atom-force:    29 0   781.688296460974  4338.625246582892  1527.526296706696
Adsorbate-atom-force:    29 1  -999.691319117647  3936.538629952187 -6034.749115284956
Adsorbate-atom-force:    29 2  3455.548550055829  2145.186056186333 -1652.207800719036
Adsorbate-atom-force:    29 3 -2796.329933580823 -10090.572879235146  6358.965266403711
Adsorbate-atom-force:    30 0  9136.282195636470 -6983.933301144175  -586.220681037496
Adsorbate-atom-force:    30 1 -3863.177552779386 -4731.254643129450 -6799.144830632507
Adsorbate-atom-force:    30 2 -12707.154868500000  -498.114146864401   -55.535584767108
Adsorbate-atom-force:    30 3 11984.437808209745  6893.519215518393  8084.230283372599
Adsorbate-atom-force:    31 0  4033.125461884568 -1677.535814388960 -4789.072465289978
Adsorbate-atom-force:    31 1  -573.618452613930 -2000.613016669359 -2688.822061913502
Adsorbate-atom-force:    31 2 -7045.674141619062 -2148.207178481125   826.699046626881
Adsorbate-atom-force:    31 3  5993.422427397097  4776.270016447175  8763.321366559616
Adsorbate-atom-force:    32 0 -3472.582277560175  4275.853122061813 -1279.967851183134
Adsorbate-atom-force:    32 1 -2606.456809953218 -2706.005024401641 -4787.198819491874
Adsorbate-atom-force:    32 2   589.412399694618 -9539.689419647253 -3954.612830917212
Adsorbate-atom-force:    32 3  5937.703776229026  9321.296571744910  9850.909867114691
Adsorbate-atom-force:    33 0 -9602.174604146026  1313.507112253865 -5019.359978975933
Adsorbate-atom-force:    33 1 -3167.845188972310 11824.846917126059  2431.989908830214
Adsorbate-atom-force:    33 2 -2106.467684681127  1844.294922591395 11745.895064859511
Adsorbate-atom-force:    33 3 13851.171091291417 -11847.052712357308 -16208.542415023097
Adsorbate-atom-force:    34 0 -12770.592529624337 -4547.142549706952  1437.539630978434
Adsorbate-atom-force:    34 1 -1112.404851442244 10262.855888797643  4348.548057392339
Adsorbate-atom-force:    34 2 -2406.920204118447  2110.885837229585  7650.505638158798
Adsorbate-atom-force:    34 3 10189.964645030015 -9422.118453276684 -15976.117516789282
Adsorbate-atom-force:    35 0  1162.335662110171  -239.556540561934 -2211.610411359191
Adsorbate-atom-force:    35 1  3692.768232343193  1471.338878340081 -8844.563737015165
Adsorbate-atom-force:    35 2  3180.032168575449  6791.653406241215 -4532.394395133113
Adsorbate-atom-force:    35 3 -8679.825242253268 -3756.278615671999 11741.077117323557
Adsorbate-atom-force:    36 0  5129.270723371219  4573.119646111202  2582.508979777683
Adsorbate-atom-force:    36 1   929.297142709396 -7722.528391057424 -5090.387981302957
Adsorbate-atom-force:    36 2   551.857829520815 -1480.071260320075 -9786.967982611579
Adsorbate-atom-force:    36 3 -8598.362545587277  6217.493411926140 12803.997909112924
Adsorbate-atom-force:    37 0 -5832.121745285864  5805.238345839644 -7253.416143579639
Adsorbate-atom-force:    37 1 -3015.930908086646 -10249.790589245385 -3755.158464868007
Adsorbate-atom-force:    37 2 -1953.093521859450  -918.761056282321 -8090.912050068087
Adsorbate-atom-force:    37 3 10496.356847605675  4381.528386449640 14105.573751094640
Adsorbate-atom-force:    38 0 -4155.145081085147 -4764.692480518943 -2255.248288568501
Adsorbate-atom-force:    38 1 -1580.733295093040 12785.733446312901  1393.100286073742
Adsorbate-atom-force:    38 2 -7238.544337957419  2265.912681565922  7567.481210009839
Adsorbate-atom-force:    38 3 11071.252403804965 -8962.565457409964 -9314.947696404457
Adsorbate-atom-force:    39 0  5149.662215456922  4302.088150904679   515.065849317264
Adsorbate-atom-force:    39 1 -1661.142166057847 -8026.756117344530 -1703.124305262423
Adsorbate-atom-force:    39 2  2529.456058903410 -1703.211279783451 -8531.012443015434
Adsorbate-atom-force:    39 3 -8144.182198769178  8034.170890698178  8780.421683107990
Adsorbate-atom-force:    40 0  -807.842844838891  1933.172838395606  -662.956193840886
Adsorbate-atom-force:    40 1 -3397.225006315875 -7720.818480378945 -2516.046003873713
Adsorbate-atom-force:    40 2 -1311.560069178363  -442.109995713430 -6383.883728974280
Adsorbate-atom-force:    40 3  6989.093384822511  4909.507341342195  9848.381219261881
Adsorbate-atom-force:    41 0   619.495285683976  3364.065453646309   557.341683599007
Adsorbate-atom-force:    41 1  8924.108483263521   933.436124093457 -5604.757490433725
Adsorbate-atom-force:    41 2  -657.795497493335  4482.677760058435 -13551.289044787796
Adsorbate-atom-force:    41 3 -6823.499361150305 -8884.637243858046 17104.371160918137
Adsorbate-atom-force:    42 0   553.475528596604 -5400.498945882910  2410.605868423920
Adsorbate-atom-force:    42 1 -8013.181697261645  -182.624623085328 -2815.864327496349
Adsorbate-atom-force:    42 2 -2231.618892382716 -1528.069988539166 -9980.694937094828
Adsorbate-atom-force:    42 3  7670.261648576696  6107.333414556266 11970.885012636743
Adsorbate-atom-charge:   0 0     0.000000000000
Adsorbate-atom-charge:   0 1     0.520000000000
Adsorbate-atom-charge:   0 2     0.520000000000
Adsorbate-atom-charge:   0 3    -1.040000000000
Adsorbate-atom-charge:   1 0     0.000000000000
Adsorbate-atom-charge:   1 1     0.520000000000
Adsorbate-atom-charge:   1 2     0.520000000000
Adsorbate-atom-charge:   1 3    -1.040000000000
Adsorbate-atom-charge:   2 0     0.000000000000
Adsorbate-atom-charge:   2 1     0.520000000000
Adsorbate-atom-charge:   2 2     0.520000000000
Adsorbate-atom-charge:   2 3    -1.040000000000
Adsorbate-atom-charge:   3 0     0.000000000000
Adsorbate-atom-charge:   3 1     0.520000000000
Adsorbate-atom-charge:   3 2     0.520000000000
Adsorbate-atom-charge:   3 3    -1.040000000000
Adsorbate-atom-charge:   4 0     0.000000000000
Adsorbate-atom-charge:   4 1     0.520000000000
Adsorbate-atom-charge:   4 2     0.520000000000
Adsorbate-atom-charge:   4 3    -1.040000000000
Adsorbate-atom-charge:   5 0     0.000000000000
Adsorbate-atom-charge:   5 1     0.520000000000
Adsorbate-atom-charge:   5 2     0.520000000000
Adsorbate-atom-charge:   5 3    -1.040000000000
Adsorbate-atom-charge:   6 0     0.000000000000
Adsorbate-atom-charge:   6 1     0.520000000000
Adsorbate-atom-charge:   6 2     0.520000000000
Adsorbate-atom-charge:   6 3    -1.040000000000
Adsorbate-atom-charge:   7 0     0.000000000000
Adsorbate-atom-charge:   7 1     0.520000000000
Adsorbate-atom-charge:   7 2     0.520000000000
Adsorbate-atom-charge:   7 3    -1.040000000000
Adsorbate-atom-charge:   8 0     0.000000000000
Adsorbate-atom-charge:   8 1     0.520000000000
Adsorbate-atom-charge:   8 2     0.520000000000
Adsorbate-atom-charge:   8 3    -1.040000000000
Adsorbate-atom-charge:   9 0     0.000000000000
Adsorbate-atom-charge:   9 1     0.520000000000
Adsorbate-atom-charge:   9 2     0.520000000000
Adsorbate-atom-charge:   9 3    -1.040000000000
Adsorbate-atom-charge:   10 0     0.000000000000
Adsorbate-atom-charge:   10 1     0.520000000000
Adsorbate-atom-charge:   10 2     0.520000000000
Adsorbate-atom-charge:   10 3    -1.040000000000
Adsorbate-atom-charge:   11 0     0.000000000000
Adsorbate-atom-charge:   11 1     0.520000000000
Adsorbate-atom-charge:   11 2     0.520000000000
Adsorbate-atom-charge:   11 3    -1.040000000000
Adsorbate-atom-charge:   12 0     0.000000000000
Adsorbate-atom-charge:   12 1     0.520000000000
Adsorbate-atom-charge:   12 2     0.520000000000
Adsorbate-atom-charge:   12 3    -1.040000000000
Adsorbate-atom-charge:   13 0     0.000000000000
Adsorbate-atom-charge:   13 1     0.520000000000
Adsorbate-atom-charge:   13 2     0.520000000000
Adsorbate-atom-charge:   13 3    -1.040000000000
Adsorbate-atom-charge:   14 0     0.000000000000
Adsorbate-atom-charge:   14 1     0.520000000000
Adsorbate-atom-charge:   14 2     0.520000000000
Adsorbate-atom-charge:   14 3    -1.040000000000
Adsorbate-atom-charge:   15 0     0.000000000000
Adsorbate-atom-charge:   15 1     0.520000000000
Adsorbate-atom-charge:   15 2     0.520000000000
Adsorbate-atom-charge:   15 3    -1.040000000000
Adsorbate-atom-charge:   16 0     0.000000000000
Adsorbate-atom-charge:   16 1     0.520000000000
Adsorbate-atom-charge:   16 2     0.520000000000
Adsorbate-atom-charge:   16 3    -1.040000000000
Adsorbate-atom-charge:   17 0     0.000000000000
Adsorbate-atom-charge:   17 1     0.520000000000
Adsorbate-atom-charge:   17 2     0.520000000000
Adsorbate-atom-charge:   17 3    -1.040000000000
Adsorbate-atom-charge:   18 0     0.000000000000
Adsorbate-atom-charge:   18 1     0.520000000000
Adsorbate-atom-charge:   18 2     0.520000000000
Adsorbate-atom-charge:   18 3    -1.040000000000
Adsorbate-atom-charge:   19 0     0.000000000000
Adsorbate-atom-charge:   19 1     0.520000000000
Adsorbate-atom-charge:   19 2     0.520000000000
Adsorbate-atom-charge:   19 3    -1.040000000000
Adsorbate-atom-charge:   20 0     0.000000000000
Adsorbate-atom-charge:   20 1     0.520000000000
Adsorbate-atom-charge:   20 2     0.520000000000
Adsorbate-atom-charge:   20 3    -1.040000000000
Adsorbate-atom-charge:   21 0     0.000000000000
Adsorbate-atom-charge:   21 1     0.520000000000
Adsorbate-atom-charge:   21 2     0.520000000000
Adsorbate-atom-charge:   21 3    -1.040000000000
Adsorbate-atom-charge:   22 0     0.000000000000
Adsorbate-atom-charge:   22 1     0.520000000000
Adsorbate-atom-charge:   22 2     0.520000000000
Adsorbate-atom-charge:   22 3    -1.040000000000
Adsorbate-atom-charge:   23 0     0.000000000000
Adsorbate-atom-charge:   23 1     0.520000000000
Adsorbate-atom-charge:   23 2     0.520000000000
Adsorbate-atom-charge:   23 3    -1.040000000000
Adsorbate-atom-charge:   24 0     0.000000000000
Adsorbate-atom-charge:   24 1     0.520000000000
Adsorbate-atom-charge:   24 2     0.520000000000
Adsorbate-atom-charge:   24 3    -1.040000000000
Adsorbate-atom-charge:   25 0     0.000000000000
Adsorbate-atom-charge:   25 1     0.520000000000
Adsorbate-atom-charge:   25 2     0.520000000000
Adsorbate-atom-charge:   25 3    -1.040000000000
Adsorbate-atom-charge:   26 0     0.000000000000
Adsorbate-atom-charge:   26 1     0.520000000000
Adsorbate-atom-charge:   26 2     0.520000000000
Adsorbate-atom-charge:   26 3    -1.040000000000
Adsorbate-atom-charge:   27 0     0.000000000000
Adsorbate-atom-charge:   27 1     0.520000000000
Adsorbate-atom-charge:   27 2     0.520000000000
Adsorbate-atom-charge:   27 3    -1.040000000000
Adsorbate-atom-charge:   28 0     0.000000000000
Adsorbate-atom-charge:   28 1     0.520000000000
Adsorbate-atom-charge:   28 2     0.520000000000
Adsorbate-atom-charge:   28 3    -1.040000000000
Adsorbate-atom-charge:   29 0     0.000000000000
Adsorbate-atom-charge:   29 1     0.520000000000
Adsorbate-atom-charge:   29 2     0.520000000000
Adsorbate-atom-charge:   29 3    -1.040000000000
Adsorbate-atom-charge:   30 0     0.000000000000
Adsorbate-atom-charge:   30 1     0.520000000000
Adsorbate-atom-charge:   30 2     0.520000000000
Adsorbate-atom-charge:   30 3    -1.040000000000
Adsorbate-atom-charge:   31 0     0.000000000000
Adsorbate-atom-charge:   31 1     0.520000000000
Adsorbate-atom-charge:   31 2     0.520000000000
Adsorbate-atom-charge:   31 3    -1.040000000000
Adsorbate-atom-charge:   32 0     0.000000000000
Adsorbate-atom-charge:   32 1     0.520000000000
Adsorbate-atom-charge:   32 2     0.520000000000
Adsorbate-atom-charge:   32 3    -1.040000000000
Adsorbate-atom-charge:   33 0     0.000000000000
Adsorbate-atom-charge:   33 1     0.520000000000
Adsorbate-atom-charge:   33 2     0.520000000000
Adsorbate-atom-charge:   33 3    -1.040000000000
Adsorbate-atom-charge:   34 0     0.000000000000
Adsorbate-atom-charge:   34 1     0.520000000000
Adsorbate-atom-charge:   34 2     0.520000000000
Adsorbate-atom-charge:   34 3    -1.040000000000
Adsorbate-atom-charge:   35 0     0.000000000000
Adsorbate-atom-charge:   35 1     0.520000000000
Adsorbate-atom-charge:   35 2     0.520000000000
Adsorbate-atom-charge:   35 3    -1.040000000000
Adsorbate-atom-charge:   36 0     0.000000000000
Adsorbate-atom-charge:   36 1     0.520000000000
Adsorbate-atom-charge:   36 2     0.520000000000
Adsorbate-atom-charge:   36 3    -1.040000000000
Adsorbate-atom-charge:   37 0     0.000000000000
Adsorbate-atom-charge:   37 1     0.520000000000
Adsorbate-atom-charge:   37 2     0.520000000000
Adsorbate-atom-charge:   37 3    -1.040000000000
Adsorbate-atom-charge:   38 0     0.000000000000
Adsorbate-atom-charge:   38 1     0.520000000000
Adsorbate-atom-charge:   38 2     0.520000000000
Adsorbate-atom-charge:   38 3    -1.040000000000
Adsorbate-atom-charge:   39 0     0.000000000000
Adsorbate-atom-charge:   39 1     0.520000000000
Adsorbate-atom-charge:   39 2     0.520000000000
Adsorbate-atom-charge:   39 3    -1.040000000000
Adsorbate-atom-charge:   40 0     0.000000000000
Adsorbate-atom-charge:   40 1     0.520000000000
Adsorbate-atom-charge:   40 2     0.520000000000
Adsorbate-atom-charge:   40 3    -1.040000000000
Adsorbate-atom-charge:   41 0     0.000000000000
Adsorbate-atom-charge:   41 1     0.520000000000
Adsorbate-atom-charge:   41 2     0.520000000000
Adsorbate-atom-charge:   41 3    -1.040000000000
Adsorbate-atom-charge:   42 0     0.000000000000
Adsorbate-atom-charge:   42 1     0.520000000000
Adsorbate-atom-charge:   42 2     0.520000000000
Adsorbate-atom-charge:   42 3    -1.040000000000
Adsorbate-atom-scaling:  0 0     1.000000000000
Adsorbate-atom-scaling:  0 1     1.000000000000
Adsorbate-atom-scaling:  0 2     1.000000000000
Adsorbate-atom-scaling:  0 3     1.000000000000
Adsorbate-atom-scaling:  1 0     1.000000000000
Adsorbate-atom-scaling:  1 1     1.000000000000
Adsorbate-atom-scaling:  1 2     1.000000000000
Adsorbate-atom-scaling:  1 3     1.000000000000
Adsorbate-atom-scaling:  2 0     1.000000000000
Adsorbate-atom-scaling:  2 1     1.000000000000
Adsorbate-atom-scaling:  2 2     1.000000000000
Adsorbate-atom-scaling:  2 3     1.000000000000
Adsorbate-atom-scaling:  3 0     1.000000000000
Adsorbate-atom-scaling:  3 1     1.000000000000
Adsorbate-atom-scaling:  3 2     1.000000000000
Adsorbate-atom-scaling:  3 3     1.000000000000
Adsorbate-atom-scaling:  4 0     1.000000000000
Adsorbate-atom-scaling:  4 1     1.000000000000
Adsorbate-atom-scaling:  4 2     1.000000000000
Adsorbate-atom-scaling:  4 3     1.000000000000
Adsorbate-atom-scaling:  5 0     1.000000000000
Adsorbate-atom-scaling:  5 1     1.000000000000
Adsorbate-atom-scaling:  5 2     1.000000000000
Adsorbate-atom-scaling:  5 3     1.000000000000
Adsorbate-atom-scaling:  6 0     1.000000000000
Adsorbate-atom-scaling:  6 1     1.000000000000
Adsorbate-atom-scaling:  6 2     1.000000000000
Adsorbate-atom-scaling:  6 3     1.000000000000
Adsorbate-atom-scaling:  7 0     1.000000000000
Adsorbate-atom-scaling:  7 1     1.000000000000
Adsorbate-atom-scaling:  7 2     1.000000000000
Adsorbate-atom-scaling:  7 3     1.000000000000
Adsorbate-atom-scaling:  8 0     1.000000000000
Adsorbate-atom-scaling:  8 1     1.000000000000
Adsorbate-atom-scaling:  8 2     1.000000000000
Adsorbate-atom-scaling:  8 3     1.000000000000
Adsorbate-atom-scaling:  9 0     1.000000000000
Adsorbate-atom-scaling:  9 1     1.000000000000
Adsorbate-atom-scaling:  9 2     1.000000000000
Adsorbate-atom-scaling:  9 3     1.000000000000
Adsorbate-atom-scaling:  10 0     1.000000000000
Adsorbate-atom-scaling:  10 1     1.000000000000
Adsorbate-atom-scaling:  10 2     1.000000000000
Adsorbate-atom-scaling:  10 3     1.000000000000
Adsorbate-atom-scaling:  11 0     1.000000000000
Adsorbate-atom-scaling:  11 1     1.000000000000
Adsorbate-atom-scaling:  11 2     1.000000000000
Adsorbate-atom-scaling:  11 3     1.000000000000
Adsorbate-atom-scaling:  12 0     1.000000000000
Adsorbate-atom-scaling:  12 1     1.000000000000
Adsorbate-atom-scaling:  12 2     1.000000000000
Adsorbate-atom-scaling:  12 3     1.000000000000
Adsorbate-atom-scaling:  13 0     1.000000000000
Adsorbate-atom-scaling:  13 1     1.000000000000
Adsorbate-atom-scaling:  13 2     1.000000000000
Adsorbate-atom-scaling:  13 3     1.000000000000
Adsorbate-atom-scaling:  14 0     1.000000000000
Adsorbate-atom-scaling:  14 1     1.000000000000
Adsorbate-atom-scaling:  14 2     1.000000000000
Adsorbate-atom-scaling:  14 3     1.000000000000
Adsorbate-atom-scaling:  15 0     1.000000000000
Adsorbate-atom-scaling:  15 1     1.000000000000
Adsorbate-atom-scaling:  15 2     1.000000000000
Adsorbate-atom-scaling:  15 3     1.000000000000
Adsorbate-atom-scaling:  16 0     1.000000000000
Adsorbate-atom-scaling:  16 1     1.000000000000
Adsorbate-atom-scaling:  16 2     1.000000000000
Adsorbate-atom-scaling:  16 3     1.000000000000
Adsorbate-atom-scaling:  17 0     1.000000000000
Adsorbate-atom-scaling:  17 1     1.000000000000
Adsorbate-atom-scaling:  17 2     1.000000000000
Adsorbate-atom-scaling:  17 3     1.000000000000
Adsorbate-atom-scaling:  18 0     1.000000000000
Adsorbate-atom-scaling:  18 1     1.000000000000
Adsorbate-atom-scaling:  18 2     1.000000000000
Adsorbate-atom-scaling:  18 3     1.000000000000
Adsorbate-atom-scaling:  19 0     1.000000000000
Adsorbate-atom-scaling:  19 1     1.000000000000
Adsorbate-atom-scaling:  19 2     1.000000000000
Adsorbate-atom-scaling:  19 3     1.000000000000
Adsorbate-atom-scaling:  20 0     1.000000000000
Adsorbate-atom-scaling:  20 1     1.000000000000
Adsorbate-atom-scaling:  20 2     1.000000000000
Adsorbate-atom-scaling:  20 3     1.000000000000
Adsorbate-atom-scaling:  21 0     1.000000000000
Adsorbate-atom-scaling:  21 1     1.000000000000
Adsorbate-atom-scaling:  21 2     1.000000000000
Adsorbate-atom-scaling:  21 3     1.000000000000
Adsorbate-atom-scaling:  22 0     1.000000000000
Adsorbate-atom-scaling:  22 1     1.000000000000
Adsorbate-atom-scaling:  22 2     1.000000000000
Adsorbate-atom-scaling:  22 3     1.000000000000
Adsorbate-atom-scaling:  23 0     1.000000000000
Adsorbate-atom-scaling:  23 1     1.000000000000
Adsorbate-atom-scaling:  23 2     1.000000000000
Adsorbate-atom-scaling:  23 3     1.000000000000
Adsorbate-atom-scaling:  24 0     1.000000000000
Adsorbate-atom-scaling:  24 1     1.000000000000
Adsorbate-atom-scaling:  24 2     1.000000000000
Adsorbate-atom-scaling:  24 3     1.000000000000
Adsorbate-atom-scaling:  25 0     1.000000000000
Adsorbate-atom-scaling:  25 1     1.000000000000
Adsorbate-atom-scaling:  25 2     1.000000000000
Adsorbate-atom-scaling:  25 3     1.000000000000
Adsorbate-atom-scaling:  26 0     1.000000000000
Adsorbate-atom-scaling:  26 1     1.000000000000
Adsorbate-atom-scaling:  26 2     1.000000000000
Adsorbate-atom-scaling:  26 3     1.000000000000
Adsorbate-atom-scaling:  27 0     1.000000000000
Adsorbate-atom-scaling:  27 1     1.000000000000
Adsorbate-atom-scaling:  27 2     1.000000000000
Adsorbate-atom-scaling:  27 3     1.000000000000
Adsorbate-atom-scaling:  28 0     1.000000000000
Adsorbate-atom-scaling:  28 1     1.000000000000
Adsorbate-atom-scaling:  28 2     1.000000000000
Adsorbate-atom-scaling:  28 3     1.000000000000
Adsorbate-atom-scaling:  29 0     1.000000000000
Adsorbate-atom-scaling:  29 1     1.000000000000
Adsorbate-atom-scaling:  29 2     1.000000000000
Adsorbate-atom-scaling:  29 3     1.000000000000
Adsorbate-atom-scaling:  30 0     1.000000000000
Adsorbate-atom-scaling:  30 1     1.000000000000
Adsorbate-atom-scaling:  30 2     1.000000000000
Adsorbate-atom-scaling:  30 3     1.000000000000
Adsorbate-atom-scaling:  31 0     1.000000000000
Adsorbate-atom-scaling:  31 1     1.000000000000
Adsorbate-atom-scaling:  31 2     1.000000000000
Adsorbate-atom-scaling:  31 3     1.000000000000
Adsorbate-atom-scaling:  32 0     1.000000000000
Adsorbate-atom-scaling:  32 1     1.000000000000
Adsorbate-atom-scaling:  32 2     1.000000000000
Adsorbate-atom-scaling:  32 3     1.000000000000
Adsorbate-atom-scaling:  33 0     1.000000000000
Adsorbate-atom-scaling:  33 1     1.000000000000
Adsorbate-atom-scaling:  33 2     1.000000000000
Adsorbate-atom-scaling:  33 3     1.000000000000
Adsorbate-atom-scaling:  34 0     1.000000000000
Adsorbate-atom-scaling:  34 1     1.000000000000
Adsorbate-atom-scaling:  34 2     1.000000000000
Adsorbate-atom-scaling:  34 3     1.000000000000
Adsorbate-atom-scaling:  35 0     1.000000000000
Adsorbate-atom-scaling:  35 1     1.000000000000
Adsorbate-atom-scaling:  35 2     1.000000000000
Adsorbate-atom-scaling:  35 3     1.000000000000
Adsorbate-atom-scaling:  36 0     1.000000000000
Adsorbate-atom-scaling:  36 1     1.000000000000
Adsorbate-atom-scaling:  36 2     1.000000000000
Adsorbate-atom-scaling:  36 3     1.000000000000
Adsorbate-atom-scaling:  37 0     1.000000000000
Adsorbate-atom-scaling:  37 1     1.000000000000
Adsorbate-atom-scaling:  37 2     1.000000000000
Adsorbate-atom-scaling:  37 3     1.000000000000
Adsorbate-atom-scaling:  38 0     1.000000000000
Adsorbate-atom-scaling:  38 1     1.000000000000
Adsorbate-atom-scaling:  38 2     1.000000000000
Adsorbate-atom-scaling:  38 3     1.000000000000
Adsorbate-atom-scaling:  39 0     1.000000000000
Adsorbate-atom-scaling:  39 1     1.000000000000
Adsorbate-atom-scaling:  39 2     1.000000000000
Adsorbate-atom-scaling:  39 3     1.000000000000
Adsorbate-atom-scaling:  40 0     1.000000000000
Adsorbate-atom-scaling:  40 1     1.000000000000
Adsorbate-atom-scaling:  40 2     1.000000000000
Adsorbate-atom-scaling:  40 3     1.000000000000
Adsorbate-atom-scaling:  41 0     1.000000000000
Adsorbate-atom-scaling:  41 1     1.000000000000
Adsorbate-atom-scaling:  41 2     1.000000000000
Adsorbate-atom-scaling:  41 3     1.000000000000
Adsorbate-atom-scaling:  42 0     1.000000000000
Adsorbate-atom-scaling:  42 1     1.000000000000
Adsorbate-atom-scaling:  42 2     1.000000000000
Adsorbate-atom-scaling:  42 3     1.000000000000
Adsorbate-atom-fixed:    0 0       0 0 0
Adsorbate-atom-fixed:    0 1       0 0 0
Adsorbate-atom-fixed:    0 2       0 0 0
Adsorbate-atom-fixed:    0 3       0 0 0
Adsorbate-atom-fixed:    1 0       0 0 0
Adsorbate-atom-fixed:    1 1       0 0 0
Adsorbate-atom-fixed:    1 2       0 0 0
Adsorbate-atom-fixed:    1 3       0 0 0
Adsorbate-atom-fixed:    2 0       0 0 0
Adsorbate-atom-fixed:    2 1       0 0 0
Adsorbate-atom-fixed:    2 2       0 0 0
Adsorbate-atom-fixed:    2 3       0 0 0
Adsorbate-atom-fixed:    3 0       0 0 0
Adsorbate-atom-fixed:    3 1       0 0 0
Adsorbate-atom-fixed:    3 2       0 0 0
Adsorbate-atom-fixed:    3 3       0 0 0
Adsorbate-atom-fixed:    4 0       0 0 0
Adsorbate-atom-fixed:    4 1       0 0 0
Adsorbate-atom-fixed:    4 2       0 0 0
Adsorbate-atom-fixed:    4 3       0 0 0
Adsorbate-atom-fixed:    5 0       0 0 0
Adsorbate-atom-fixed:    5 1       0 0 0
Adsorbate-atom-fixed:    5 2       0 0 0
Adsorbate-atom-fixed:    5 3       0 0 0
Adsorbate-atom-fixed:    6 0       0 0 0
Adsorbate-atom-fixed:    6 1       0 0 0
Adsorbate-atom-fixed:    6 2       0 0 0
Adsorbate-atom-fixed:    6 3       0 0 0
Adsorbate-atom-fixed:    7 0       0 0 0
Adsorbate-atom-fixed:    7 1       0 0 0
Adsorbate-atom-fixed:    7 2       0 0 0
Adsorbate-atom-fixed:    7 3       0 0 0
Adsorbate-atom-fixed:    8 0       0 0 0
Adsorbate-atom-fixed:    8 1       0 0 0
Adsorbate-atom-fixed:    8 2       0 0 0
Adsorbate-atom-fixed:    8 3       0 0 0
Adsorbate-atom-fixed:    9 0       0 0 0
Adsorbate-atom-fixed:    9 1       0 0 0
Adsorbate-atom-fixed:    9 2       0 0 0
Adsorbate-atom-fixed:    9 3       0 0 0
Adsorbate-atom-fixed:    10 0       0 0 0
Adsorbate-atom-fixed:    10 1       0 0 0
Adsorbate-atom-fixed:    10 2       0 0 0
Adsorbate-atom-fixed:    10 3       0 0 0
Adsorbate-atom-fixed:    11 0       0 0 0
Adsorbate-atom-fixed:    11 1       0 0 0
Adsorbate-atom-fixed:    11 2       0 0 0
Adsorbate-atom-fixed:    11 3       0 0 0
Adsorbate-atom-fixed:    12 0       0 0 0
Adsorbate-atom-fixed:    12 1       0 0 0
Adsorbate-atom-fixed:    12 2       0 0 0
Adsorbate-atom-fixed:    12 3       0 0 0
Adsorbate-atom-fixed:    13 0       0 0 0
Adsorbate-atom-fixed:    13 1       0 0 0
Adsorbate-atom-fixed:    13 2       0 0 0
Adsorbate-atom-fixed:    13 3       0 0 0
Adsorbate-atom-fixed:    14 0       0 0 0
Adsorbate-atom-fixed:    14 1       0 0 0
Adsorbate-atom-fixed:    14 2       0 0 0
Adsorbate-atom-fixed:    14 3       0 0 0
Adsorbate-atom-fixed:    15 0       0 0 0
Adsorbate-atom-fixed:    15 1       0 0 0
Adsorbate-atom-fixed:    15 2       0 0 0
Adsorbate-atom-fixed:    15 3       0 0 0
Adsorbate-atom-fixed:    16 0       0 0 0
Adsorbate-atom-fixed:    16 1       0 0 0
Adsorbate-atom-fixed:    16 2       0 0 0
Adsorbate-atom-fixed:    16 3       0 0 0
Adsorbate-atom-fixed:    17 0       0 0 0
Adsorbate-atom-fixed:    17 1       0 0 0
Adsorbate-atom-fixed:    17 2       0 0 0
Adsorbate-atom-fixed:    17 3       0 0 0
Adsorbate-atom-fixed:    18 0       0 0 0
Adsorbate-atom-fixed:    18 1       0 0 0
Adsorbate-atom-fixed:    18 2       0 0 0
Adsorbate-atom-fixed:    18 3       0 0 0
Adsorbate-atom-fixed:    19 0       0 0 0
Adsorbate-atom-fixed:    19 1       0 0 0
Adsorbate-atom-fixed:    19 2       0 0 0
Adsorbate-atom-fixed:    19 3       0 0 0
Adsorbate-atom-fixed:    20 0       0 0 0
Adsorbate-atom-fixed:    20 1       0 0 0
Adsorbate-atom-fixed:    20 2       0 0 0
Adsorbate-atom-fixed:    20 3       0 0 0
Adsorbate-atom-fixed:    21 0       0 0 0
Adsorbate-atom-fixed:    21 1       0 0 0
Adsorbate-atom-fixed:    21 2       0 0 0
Adsorbate-atom-fixed:    21 3       0 0 0
Adsorbate-atom-fixed:    22 0       0 0 0
Adsorbate-atom-fixed:    22 1       0 0 0
Adsorbate-atom-fixed:    22 2       0 0 0
Adsorbate-atom-fixed:    22 3       0 0 0
Adsorbate-atom-fixed:    23 0       0 0 0
Adsorbate-atom-fixed:    23 1       0 0 0
Adsorbate-atom-fixed:    23 2       0 0 0
Adsorbate-atom-fixed:    23 3       0 0 0
Adsorbate-atom-fixed:    24 0       0 0 0
Adsorbate-atom-fixed:    24 1       0 0 0
Adsorbate-atom-fixed:    24 2       0 0 0
Adsorbate-atom-fixed:    24 3       0 0 0
Adsorbate-atom-fixed:    25 0       0 0 0
Adsorbate-atom-fixed:    25 1       0 0 0
Adsorbate-atom-fixed:    25 2       0 0 0
Adsorbate-atom-fixed:    25 3       0 0 0
Adsorbate-atom-fixed:    26 0       0 0 0
Adsorbate-atom-fixed:    26 1       0 0 0
Adsorbate-atom-fixed:    26 2       0 0 0
Adsorbate-atom-fixed:    26 3       0 0 0
Adsorbate-atom-fixed:    27 0       0 0 0
Adsorbate-atom-fixed:    27 1       0 0 0
Adsorbate-atom-fixed:    27 2       0 0 0
Adsorbate-atom-fixed:    27 3       0 0 0
Adsorbate-atom-fixed:    28 0       0 0 0
Adsorbate-atom-fixed:    28 1       0 0 0
Adsorbate-atom-fixed:    28 2       0 0 0
Adsorbate-atom-fixed:    28 3       0 0 0
Adsorbate-atom-fixed:    29 0       0 0 0
Adsorbate-atom-fixed:    29 1       0 0 0
Adsorbate-atom-fixed:    29 2       0 0 0
Adsorbate-atom-fixed:    29 3       0 0 0
Adsorbate-atom-fixed:    30 0       0 0 0
Adsorbate-atom-fixed:    30 1       0 0 0
Adsorbate-atom-fixed:    30 2       0 0 0
Adsorbate-atom-fixed:    30 3       0 0 0
Adsorbate-atom-fixed:    31 0       0 0 0
Adsorbate-atom-fixed:    31 1       0 0 0
Adsorbate-atom-fixed:    31 2       0 0 0
Adsorbate-atom-fixed:    31 3       0 0 0
Adsorbate-atom-fixed:    32 0       0 0 0
Adsorbate-atom-fixed:    32 1       0 0 0
Adsorbate-atom-fixed:    32 2       0 0 0
Adsorbate-atom-fixed:    32 3       0 0 0
Adsorbate-atom-fixed:    33 0       0 0 0
Adsorbate-atom-fixed:    33 1       0 0 0
Adsorbate-atom-fixed:    33 2       0 0 0
Adsorbate-atom-fixed:    33 3       0 0 0
Adsorbate-atom-fixed:    34 0       0 0 0
Adsorbate-atom-fixed:    34 1       0 0 0
Adsorbate-atom-fixed:    34 2       0 0 0
Adsorbate-atom-fixed:    34 3       0 0 0
Adsorbate-atom-fixed:    35 0       0 0 0
Adsorbate-atom-fixed:    35 1       0 0 0
Adsorbate-atom-fixed:    35 2       0 0 0
Adsorbate-atom-fixed:    35 3       0 0 0
Adsorbate-atom-fixed:    36 0       0 0 0
Adsorbate-atom-fixed:    36 1       0 0 0
Adsorbate-atom-fixed:    36 2       0 0 0
Adsorbate-atom-fixed:    36 3       0 0 0
Adsorbate-atom-fixed:    37 0       0 0 0
Adsorbate-atom-fixed:    37 1       0 0 0
Adsorbate-atom-fixed:    37 2       0 0 0
Adsorbate-atom-fixed:    37 3       0 0 0
Adsorbate-atom-fixed:    38 0       0 0 0
Adsorbate-atom-fixed:    38 1       0 0 0
Adsorbate-atom-fixed:    38 2       0 0 0
Adsorbate-atom-fixed:    38 3       0 0 0
Adsorbate-atom-fixed:    39 0       0 0 0
Adsorbate-atom-fixed:    39 1       0 0 0
Adsorbate-atom-fixed:    39 2       0 0 0
Adsorbate-atom-fixed:    39 3       0 0 0
Adsorbate-atom-fixed:    40 0       0 0 0
Adsorbate-atom-fixed:    40 1       0 0 0
Adsorbate-atom-fixed:    40 2       0 0 0
Adsorbate-atom-fixed:    40 3       0 0 0
Adsorbate-atom-fixed:    41 0       0 0 0
Adsorbate-atom-fixed:    41 1       0 0 0
Adsorbate-atom-fixed:    41 2       0 0 0
Adsorbate-atom-fixed:    41 3       0 0 0
Adsorbate-atom-fixed:    42 0       0 0 0
Adsorbate-atom-fixed:    42 1       0 0 0
Adsorbate-atom-fixed:    42 2       0 0 0
Adsorbate-atom-fixed:    42 3       0 0 0


